[gd_scene load_steps=14 format=2]

[ext_resource path="res://Scripts/Boss.gd" type="Script" id=1]
[ext_resource path="res://Scripts/HitNotifier.gd" type="Script" id=2]
[ext_resource path="res://Scenes/Bar3D.tscn" type="PackedScene" id=3]
[ext_resource path="res://Meshes/boss.obj" type="ArrayMesh" id=4]
[ext_resource path="res://Materials/mat_for_3d_prints.tres" type="Material" id=5]
[ext_resource path="res://Scenes/BossBombGun.tscn" type="PackedScene" id=6]
[ext_resource path="res://Scenes/BossMissileGun.tscn" type="PackedScene" id=7]
[ext_resource path="res://Scenes/BossShield.tscn" type="PackedScene" id=8]
[ext_resource path="res://Scripts/Damageable.gd" type="Script" id=9]

[sub_resource type="BoxShape" id=1]
extents = Vector3( 0.7, 0.7, 1.2 )

[sub_resource type="BoxShape" id=2]
extents = Vector3( 0.617629, 0.240758, 0.569582 )

[sub_resource type="BoxShape" id=3]
extents = Vector3( 1.3624, 0.5, 0.587153 )

[sub_resource type="CylinderShape" id=4]
radius = 0.449074
height = 0.461056

[node name="Boss" type="Spatial"]
script = ExtResource( 1 )

[node name="MeshInstance" type="MeshInstance" parent="."]
mesh = ExtResource( 4 )
material/0 = ExtResource( 5 )

[node name="BossShield" parent="." instance=ExtResource( 8 )]
transform = Transform( 1, 0, 0, 0, 1, 0, 0, 0, 1, 0, -3.63114, -1.57264 )

[node name="HealthBar3D" parent="." instance=ExtResource( 3 )]
transform = Transform( 1, 0, 0, 0, 1, 0, 0, 0, 1, 0, 2.57968, 0 )

[node name="BossBombGun" parent="." instance=ExtResource( 6 )]
transform = Transform( 1, 0, 0, 0, 0.899497, -0.436927, 0, 0.436927, 0.899497, -1.40748, 0.81009, -0.225606 )
collision_layer = 1024
collision_mask = 1

[node name="BossBombGun2" parent="." instance=ExtResource( 6 )]
transform = Transform( 1, 0, 0, 0, 0.899497, -0.436927, 0, 0.436927, 0.899497, 1.3988, 0.833789, -0.254411 )
collision_layer = 1024
collision_mask = 1

[node name="BossMissileGun" parent="." instance=ExtResource( 7 )]
transform = Transform( 1, 0, 0, 0, 1, 0, 0, 0, 1, -2.38419e-07, 1.58227, 1.53787 )
collision_layer = 1024
collision_mask = 1
SECONDS_BETWEEN_SHOTS = 3.0
FLAT_STUN_DURATION = 10.0
IMPACT_SPEED_TO_STUN_DURATION_RATE = 0.25
MIN_IMPACT_SPEED_FOR_STUN = 5.0
MAX_IMPACT_SPEED_BASED_STUN_DURATION = 5.0
EXPLOSION_STUN_DURATION = 10.0

[node name="HitNotifier" type="StaticBody" parent="."]
collision_layer = 0
collision_mask = 31
script = ExtResource( 2 )

[node name="CollisionShape" type="CollisionShape" parent="HitNotifier"]
transform = Transform( 1, 0, 0, 0, 1, 0, 0, 0, 1, 0, 0.7, -0.200293 )
shape = SubResource( 1 )

[node name="CollisionShape2" type="CollisionShape" parent="HitNotifier"]
transform = Transform( 1, 0, 0, 0, 1, 0, 0, 0, 1, 0, 1.42606, 0.045612 )
shape = SubResource( 2 )

[node name="CollisionShape3" type="CollisionShape" parent="HitNotifier"]
transform = Transform( 1, 0, 0, 0, 1, 0, 0, 0, 1, -0.00231123, 0.513669, 0.814397 )
shape = SubResource( 3 )

[node name="CollisionShape4" type="CollisionShape" parent="HitNotifier"]
transform = Transform( 1, 0, 0, 0, 0.446088, 0.894989, 0, -0.894989, 0.446088, 1.43983, 0.952355, -1.30347 )
shape = SubResource( 4 )

[node name="CollisionShape5" type="CollisionShape" parent="HitNotifier"]
transform = Transform( 1, 0, 0, 0, 0.446088, 0.894989, 0, -0.894989, 0.446088, -1.41039, 0.952355, -1.30347 )
shape = SubResource( 4 )

[node name="Damageable" type="Node" parent="."]
script = ExtResource( 9 )
