[gd_scene load_steps=13 format=2]

[ext_resource path="res://Scripts/Boss.gd" type="Script" id=1]
[ext_resource path="res://Scenes/Bar3D.tscn" type="PackedScene" id=3]
[ext_resource path="res://Meshes/boss.obj" type="ArrayMesh" id=4]
[ext_resource path="res://Materials/mat_for_3d_prints.tres" type="Material" id=5]
[ext_resource path="res://Scenes/BossBombGun.tscn" type="PackedScene" id=6]
[ext_resource path="res://Scenes/BossMissileGun.tscn" type="PackedScene" id=7]
[ext_resource path="res://Scenes/BossShield.tscn" type="PackedScene" id=8]

[sub_resource type="BoxShape" id=1]
extents = Vector3( 0.7, 0.7, 1.2 )

[sub_resource type="BoxShape" id=2]
extents = Vector3( 0.617629, 0.240758, 0.569582 )

[sub_resource type="BoxShape" id=3]
extents = Vector3( 1.3624, 0.5, 0.587153 )

[sub_resource type="CylinderShape" id=4]
radius = 0.449074
height = 0.461056

[sub_resource type="BoxShape" id=5]
extents = Vector3( 0.342589, 0.1, 0.457196 )

[node name="Boss" type="StaticBody"]
transform = Transform( -1, 0, -1.50996e-07, 0, 1, 0, 1.50996e-07, 0, -1, 0, 0, 0 )
collision_mask = 0
script = ExtResource( 1 )
IS_VULNERABLE_PER_STAGE = {
"0-Testing": true,
"1-Pregame": false,
"10-Defeat": false,
"2-Exposition": false,
"3-EnemyFleet": false,
"4-BossAppears": true,
"5-Missiles": true,
"6-Trex": true,
"7-BlackHole": true,
"8-Eclipse": true,
"9-Victory": false
}

[node name="MeshInstance" type="MeshInstance" parent="."]
mesh = ExtResource( 4 )
material/0 = ExtResource( 5 )

[node name="BossShield" parent="." instance=ExtResource( 8 )]
transform = Transform( 1, -1.98605e-08, 1.31182e-09, 1.98605e-08, 0.991312, -0.13153, 1.31182e-09, 0.13153, 0.991312, 7.49787e-09, 0.566653, -2.42568 )
IS_VULNERABLE_PER_STAGE = {
"0-Testing": true,
"1-Pregame": false,
"10-Defeat": false,
"2-Exposition": false,
"3-EnemyFleet": false,
"4-BossAppears": true,
"5-Missiles": true,
"6-Trex": true,
"7-BlackHole": true,
"8-Eclipse": true,
"9-Victory": true
}

[node name="HealthBar3D" parent="." instance=ExtResource( 3 )]
transform = Transform( 1, 0, 0, 0, 1, 0, 0, 0, 1, 0, 2.57968, 0 )

[node name="BossBombGun" parent="." instance=ExtResource( 6 )]
transform = Transform( 1, 0, 0, 0, 0.898794, -0.438371, 0, 0.438371, 0.898794, -1.40748, 1.16619, -1.59755 )
SECONDS_UNTIL_FIRST_SHOT = 0.0
IS_SHOOTING_PER_STAGE = {
"0-Testing": true,
"1-Pregame": false,
"10-Defeat": false,
"2-Exposition": false,
"3-EnemyFleet": false,
"4-BossAppears": true,
"5-Missiles": true,
"6-Trex": true,
"7-BlackHole": true,
"8-Eclipse": true,
"9-Victory": false
}

[node name="BossBombGun2" parent="." instance=ExtResource( 6 )]
transform = Transform( 1, 0, 0, 0, 0.898794, -0.438371, 0, 0.438371, 0.898794, 1.43817, 1.13367, -1.58522 )
SECONDS_UNTIL_FIRST_SHOT = 7.5
IS_SHOOTING_PER_STAGE = {
"0-Testing": true,
"1-Pregame": false,
"10-Defeat": false,
"2-Exposition": false,
"3-EnemyFleet": false,
"4-BossAppears": true,
"5-Missiles": true,
"6-Trex": true,
"7-BlackHole": true,
"8-Eclipse": true,
"9-Victory": false
}

[node name="BossMissileGun" parent="." instance=ExtResource( 7 )]
transform = Transform( 0.972824, 0.140383, 0.184138, -0.136843, 0.99008, -0.0318596, -0.186784, 0.00579588, 0.982384, 0.626045, 1.97672, 1.0126 )
collision_mask = 2
SECONDS_UNTIL_FIRST_SHOT = 0.0
IS_SHOOTING_PER_STAGE = {
"0-Testing": true,
"1-Pregame": false,
"10-Defeat": false,
"2-Exposition": false,
"3-EnemyFleet": false,
"4-BossAppears": false,
"5-Missiles": true,
"6-Trex": true,
"7-BlackHole": true,
"8-Eclipse": true,
"9-Victory": false
}

[node name="BossMissileGun2" parent="." instance=ExtResource( 7 )]
transform = Transform( 0.958071, -0.183726, -0.219875, 0.184271, 0.982707, -0.0182111, 0.219419, -0.023069, 0.975358, -0.616472, 1.98681, 1.03998 )
SECONDS_UNTIL_FIRST_SHOT = 10.0
IS_SHOOTING_PER_STAGE = {
"0-Testing": true,
"1-Pregame": false,
"10-Defeat": false,
"2-Exposition": false,
"3-EnemyFleet": false,
"4-BossAppears": false,
"5-Missiles": true,
"6-Trex": true,
"7-BlackHole": true,
"8-Eclipse": true,
"9-Victory": false
}

[node name="CollisionShape" type="CollisionShape" parent="."]
transform = Transform( 1, 0, 0, 0, 1, 0, 0, 0, 1, 0, 0.7, -0.200293 )
shape = SubResource( 1 )

[node name="CollisionShape2" type="CollisionShape" parent="."]
transform = Transform( 1, 0, 0, 0, 1, 0, 0, 0, 1, 0, 1.39219, 0.045612 )
shape = SubResource( 2 )

[node name="CollisionShape3" type="CollisionShape" parent="."]
transform = Transform( 1, 0, 0, 0, 1, 0, 0, 0, 1, -0.00231123, 0.513669, 0.814397 )
shape = SubResource( 3 )

[node name="CollisionShape4" type="CollisionShape" parent="."]
transform = Transform( 1, 0, 0, 0, 0.446088, 0.894989, 0, -0.894989, 0.446088, 1.43983, 0.952355, -1.30347 )
shape = SubResource( 4 )

[node name="CollisionShape5" type="CollisionShape" parent="."]
transform = Transform( 1, 0, 0, 0, 0.446088, 0.894989, 0, -0.894989, 0.446088, -1.41039, 0.952355, -1.30347 )
shape = SubResource( 4 )

[node name="CollisionShape6" type="CollisionShape" parent="."]
transform = Transform( 0.971484, -0.0135127, 0.236721, -0.146168, 0.75197, 0.642788, -0.186693, -0.659059, 0.728551, 0.589457, 1.69406, 0.992417 )
shape = SubResource( 5 )

[node name="CollisionShape7" type="CollisionShape" parent="."]
transform = Transform( 0.964376, 0.0365053, -0.262003, 0.146168, 0.75197, 0.642788, 0.220483, -0.658186, 0.719846, -0.55, 1.7, 1 )
shape = SubResource( 5 )
