[gd_scene load_steps=6 format=2]

[ext_resource path="res://Meshes/box_v4.obj" type="ArrayMesh" id=1]
[ext_resource path="res://Materials/mat_for_3d_prints.tres" type="Material" id=2]

[sub_resource type="BoxShape" id=1]
extents = Vector3( 6.5, 1, 10 )

[sub_resource type="BoxShape" id=2]
extents = Vector3( 6.5, 3.08219, 1 )

[sub_resource type="BoxShape" id=3]
extents = Vector3( 1, 2.9607, 10 )

[node name="BoxV3" type="StaticBody"]
collision_mask = 0

[node name="CollisionShape" type="CollisionShape" parent="."]
transform = Transform( 1, 0, 0, 0, 1, 0, 0, 0, 1, 0, 2, 0 )
shape = SubResource( 1 )

[node name="CollisionShape2" type="CollisionShape" parent="."]
transform = Transform( 1, 0, 0, 0, 0.998932, 0.0461999, 0, -0.0461999, 0.998932, 0, -2.94995, 0 )
shape = SubResource( 1 )

[node name="CollisionShape3" type="CollisionShape" parent="."]
transform = Transform( 1, 0, 0, 0, 0.987441, 0.157986, 0, -0.157986, 0.987441, 0, -0.408918, 9.02094 )
shape = SubResource( 2 )

[node name="CollisionShape5" type="CollisionShape" parent="."]
transform = Transform( 1, 0, 0, 0, 1, 0, 0, 0, 1, -5.5, -1, 0 )
shape = SubResource( 3 )

[node name="CollisionShape4" type="CollisionShape" parent="."]
transform = Transform( 1, 0, 0, 0, 0.978147, 0.207912, 0, -0.207912, 0.978147, 0, -1.20635, -8.53775 )
shape = SubResource( 2 )

[node name="CollisionShape6" type="CollisionShape" parent="."]
transform = Transform( 1, 0, 0, 0, 1, 0, 0, 0, 1, 5.5, -1, 0 )
shape = SubResource( 3 )

[node name="MeshInstance" type="MeshInstance" parent="."]
transform = Transform( 0.22291, 0, 0, 0, 0.21406, 0.0331995, 0, -0.0341636, 0.220276, 0, -0.912, 0 )
mesh = ExtResource( 1 )
material/0 = ExtResource( 2 )
