[gd_scene load_steps=8 format=2]

[ext_resource path="res://Meshes/Wireframe/box_v3_wireframe.obj" type="ArrayMesh" id=1]
[ext_resource path="res://Meshes/box_v3.obj" type="ArrayMesh" id=2]
[ext_resource path="res://Scripts/CollisionObjectMaterialSwitcher.gd" type="Script" id=3]
[ext_resource path="res://Scripts/WireframeMesh.gd" type="Script" id=4]

[sub_resource type="BoxShape" id=1]
extents = Vector3( 6.5, 1, 10 )

[sub_resource type="BoxShape" id=2]
extents = Vector3( 6.5, 3.08219, 1 )

[sub_resource type="BoxShape" id=3]
extents = Vector3( 1, 2.9607, 10 )

[node name="BoxV3" type="StaticBody"]
collision_layer = 2
collision_mask = 257

[node name="Mesh" type="MeshInstance" parent="."]
mesh = ExtResource( 2 )
material/0 = null
script = ExtResource( 3 )

[node name="Wireframe" type="MeshInstance" parent="Mesh"]
transform = Transform( 1, 0, 0, 0, 1, 0, 0, 0, 0.99, 0, 0, 0 )
mesh = ExtResource( 1 )
material/0 = null
script = ExtResource( 4 )

[node name="CollisionShape" type="CollisionShape" parent="."]
transform = Transform( 1, 0, 0, 0, 1, 0, 0, 0, 1, 0, 2, 0 )
shape = SubResource( 1 )

[node name="CollisionShape2" type="CollisionShape" parent="."]
transform = Transform( 1, 0, 0, 0, 0.994522, 0.104528, 0, -0.104528, 0.994522, 0, -3.643, 0 )
shape = SubResource( 1 )

[node name="CollisionShape3" type="CollisionShape" parent="."]
transform = Transform( 1, 0, 0, 0, 0.978147, 0.207912, 0, -0.207912, 0.978147, 0, -0.408918, 9.29977 )
shape = SubResource( 2 )

[node name="CollisionShape4" type="CollisionShape" parent="."]
transform = Transform( 1, 0, 0, 0, 0.978147, 0.207912, 0, -0.207912, 0.978147, 0, -1.20635, -8.53775 )
shape = SubResource( 2 )

[node name="CollisionShape5" type="CollisionShape" parent="."]
transform = Transform( 1, 0, 0, 0, 1, 0, 0, 0, 1, -5.5, -1, 0 )
shape = SubResource( 3 )

[node name="CollisionShape6" type="CollisionShape" parent="."]
transform = Transform( 1, 0, 0, 0, 1, 0, 0, 0, 1, 5.5, -1, 0 )
shape = SubResource( 3 )
