[gd_scene load_steps=8 format=2]

[ext_resource path="res://Scripts/Flipper.gd" type="Script" id=1]
[ext_resource path="res://Meshes/flipper.obj" type="ArrayMesh" id=2]
[ext_resource path="res://Materials/mat_for_3d_prints.tres" type="Material" id=3]

[sub_resource type="BoxShape" id=1]
extents = Vector3( 0.491779, 0.3, 0.0590627 )

[sub_resource type="CylinderShape" id=2]
radius = 0.180597
height = 0.6

[sub_resource type="CylinderShape" id=3]
radius = 0.100407
height = 0.6

[sub_resource type="BoxShape" id=4]
extents = Vector3( 0.400744, 0.15329, 0.0718273 )

[node name="Flipper" type="KinematicBody"]
transform = Transform( 0.819152, 0, -0.573577, 0, 1, 0, 0.573577, 0, 0.819152, 0, 0, 0 )
collision_mask = 0
script = ExtResource( 1 )
MAX_TURN_ANGLE = 50
TURN_SPEED = 800

[node name="MeshInstance" type="MeshInstance" parent="."]
transform = Transform( 0.9, 0, 0, 0, 1, 0, 0, 0, 0.7, 0, 0, 0 )
mesh = ExtResource( 2 )
material/0 = ExtResource( 3 )

[node name="CollisionShape" type="CollisionShape" parent="."]
transform = Transform( 0.998384, 0, 0.056832, 0, 1, 0, -0.056832, 0, 0.998384, 0.437093, 0.15, 0.0915877 )
shape = SubResource( 1 )

[node name="CollisionShape4" type="CollisionShape" parent="."]
transform = Transform( 0.998072, 0, -0.0620764, 0, 1, 0, 0.0620764, 0, 0.998072, 0.430052, 0.15, -0.0737521 )
shape = SubResource( 1 )

[node name="CollisionShape2" type="CollisionShape" parent="."]
transform = Transform( 1, 0, 0, 0, 1, 0, 0, 0, 1, -0.0534035, 0.15, 0.0138631 )
shape = SubResource( 2 )

[node name="CollisionShape3" type="CollisionShape" parent="."]
transform = Transform( 1, 0, 0, 0, 1, 0, 0, 0, 1, 0.97248, 0.15, 8.9407e-08 )
shape = SubResource( 3 )

[node name="Area" type="Area" parent="."]
transform = Transform( 0.99639, 0, -0.0848953, 0, 1, 0, 0.0848953, 0, 0.99639, 0.471379, 0.2, -0.184613 )
collision_mask = 0

[node name="CollisionShape" type="CollisionShape" parent="Area"]
transform = Transform( 1, 0, 0, 0, 1, 0, 0, 0, 1, 0.193817, 0, 1.19209e-07 )
shape = SubResource( 4 )
