[gd_scene load_steps=30 format=2]

[ext_resource path="res://Scenes/BoxV3.tscn" type="PackedScene" id=1]
[ext_resource path="res://Testing/stage 3 final-01.png" type="Texture" id=2]
[ext_resource path="res://Scenes/Plunger.tscn" type="PackedScene" id=3]
[ext_resource path="res://Scenes/Flipper.tscn" type="PackedScene" id=4]
[ext_resource path="res://Scenes/Flipper_R.tscn" type="PackedScene" id=5]
[ext_resource path="res://Scenes/MultiballShip.tscn" type="PackedScene" id=6]
[ext_resource path="res://Testing/LongBox.tscn" type="PackedScene" id=7]
[ext_resource path="res://Scenes/SimpleSlope.tscn" type="PackedScene" id=8]
[ext_resource path="res://Scenes/Slingshot.tscn" type="PackedScene" id=9]
[ext_resource path="res://Scenes/Slingshot_R.tscn" type="PackedScene" id=10]
[ext_resource path="res://Scenes/Bumper.tscn" type="PackedScene" id=11]
[ext_resource path="res://Scenes/SimpleRamp.tscn" type="PackedScene" id=12]
[ext_resource path="res://Scenes/Moon.tscn" type="PackedScene" id=13]
[ext_resource path="res://Scenes/WeirdCamera.tscn" type="PackedScene" id=14]
[ext_resource path="res://Scenes/LaserTrex.tscn" type="PackedScene" id=15]
[ext_resource path="res://Scenes/CurvedRamp.tscn" type="PackedScene" id=16]
[ext_resource path="res://Scenes/CurvedRamp_R.tscn" type="PackedScene" id=17]
[ext_resource path="res://Scenes/Boss.tscn" type="PackedScene" id=18]
[ext_resource path="res://Scenes/SimpleSlope_R.tscn" type="PackedScene" id=19]
[ext_resource path="res://Scenes/Shop.tscn" type="PackedScene" id=20]
[ext_resource path="res://Scenes/PlayerTurret.tscn" type="PackedScene" id=21]
[ext_resource path="res://Scenes/TeleporterEntrance.tscn" type="PackedScene" id=22]
[ext_resource path="res://Scenes/WireRamp.tscn" type="PackedScene" id=23]
[ext_resource path="res://Scenes/BallFeed.tscn" type="PackedScene" id=24]
[ext_resource path="res://Animations/StageTwoEntryCurve.tres" type="Curve3D" id=25]
[ext_resource path="res://Scenes/TeleporterExit.tscn" type="PackedScene" id=26]
[ext_resource path="res://Scenes/CentralHUD.tscn" type="PackedScene" id=27]
[ext_resource path="res://Scenes/LoopingLouiesLooping.tscn" type="PackedScene" id=28]
[ext_resource path="res://Animations/stage_one_entry_curve.tres" type="Curve3D" id=29]

[node name="Main" type="Spatial"]

[node name="BoxV3" parent="." instance=ExtResource( 1 )]
transform = Transform( 1, 0, 0, 0, 0.978148, -0.207912, 0, 0.207912, 0.978148, 0, 0, 0 )

[node name="WeirdCamera" parent="BoxV3" instance=ExtResource( 14 )]
transform = Transform( 1, 0, 0, 0, -1.63913e-07, 1, 0, -1, -1.63913e-07, 0, 15, 4 )

[node name="AxisAligned" type="Spatial" parent="BoxV3"]
transform = Transform( 1, 0, 0, 0, 0.978148, 0.207912, 0, -0.207912, 0.978148, 0, 0, 0 )

[node name="BoardAligned" type="Spatial" parent="BoxV3"]
transform = Transform( 1, 0, 0, 0, 0.994521, 0.104528, 0, -0.104528, 0.994521, 0, -2.5744, 0.547205 )

[node name="Flipper" parent="BoxV3/BoardAligned" instance=ExtResource( 4 )]
transform = Transform( 0.819152, 0, -0.573577, 7.45058e-09, 1, 7.45058e-09, 0.573577, 0, 0.819152, -1.57925, 6.77109e-05, 6.52426 )

[node name="Flipper_R" parent="BoxV3/BoardAligned" instance=ExtResource( 5 )]
transform = Transform( 0.819152, 0, 0.573577, 0, 1, 0, -0.573577, 0, 0.819152, 1.10777, -0.000407696, 6.53825 )
collision_mask = 1
TURN_SPEED = 1000

[node name="Plunger" parent="BoxV3/BoardAligned" instance=ExtResource( 3 )]
transform = Transform( 1, 0, 0, 0, 1, 0, 0, 0, 1, 4.245, 2.38419e-07, 6.22067 )

[node name="PlayerTurret" parent="BoxV3/BoardAligned" instance=ExtResource( 21 )]
transform = Transform( 1, 0, 0, 0, 0.965926, -0.258819, 0, 0.258819, 0.965926, -0.296, 0.97, 7.647 )

[node name="Slingshot" parent="BoxV3/BoardAligned" instance=ExtResource( 9 )]
transform = Transform( 0.6, 0, 0, 0, 0.6, -3.72529e-09, 0, 3.72529e-09, 0.6, -2.64209, 2.24113e-05, 4.9798 )

[node name="Slingshot_R" parent="BoxV3/BoardAligned" instance=ExtResource( 10 )]
transform = Transform( 0.6, 0, 0, 0, 0.6, 3.72529e-09, 0, -3.72529e-09, 0.6, 2.15076, 3.62396e-05, 4.99394 )

[node name="Ball Feed" parent="BoxV3/BoardAligned" instance=ExtResource( 24 )]
transform = Transform( 1, 0, 0, 0, 1, 0, 0, 0, 1, 3.51675, -2.81334e-05, 5.5123 )

[node name="LongBox" parent="BoxV3/BoardAligned" instance=ExtResource( 7 )]
transform = Transform( 1, 0, 0, 0, 1, 0, 0, 0, 0.882665, 3.90121, 5.81741e-05, -0.31519 )

[node name="LongBox6" parent="BoxV3/BoardAligned" instance=ExtResource( 7 )]
transform = Transform( 1, 0, 0, 0, 1, -3.72529e-09, 0, 0, 0.176186, 3.89777, -4.05312e-06, 7.03805 )

[node name="StageTwoBumperCluster" type="Spatial" parent="BoxV3/BoardAligned"]
transform = Transform( 0.991532, -9.45073e-09, -0.129868, 8.3819e-09, 1, 0, 0.129868, 0, 0.991532, -2.59226, 0.00143576, -4.07374 )

[node name="Bumper" parent="BoxV3/BoardAligned/StageTwoBumperCluster" instance=ExtResource( 11 )]
transform = Transform( 1, 0, 0, -1.86265e-09, 1, 1.49012e-08, 1.49012e-08, -2.98023e-08, 1, 0.641397, -0.000111341, 0.0167778 )

[node name="Bumper2" parent="BoxV3/BoardAligned/StageTwoBumperCluster" instance=ExtResource( 11 )]
transform = Transform( 1, 0, 0, -1.86265e-09, 1, 4.47035e-08, 0, -4.47035e-08, 1, -0.221408, 0.000529289, 0.763095 )

[node name="Bumper3" parent="BoxV3/BoardAligned/StageTwoBumperCluster" instance=ExtResource( 11 )]
transform = Transform( 1, 0, 0, -1.86265e-09, 1, 4.47035e-08, 0, -4.47035e-08, 1, -0.483063, 3.71933e-05, -0.347644 )

[node name="StageOneBumperCluster" type="Spatial" parent="BoxV3/BoardAligned"]
transform = Transform( 0.991532, -9.45073e-09, -0.129868, 3.72529e-09, 1, 0, 0.129868, 0, 0.991532, -1.99657, 0.00143623, -1.37979 )

[node name="Bumper" parent="BoxV3/BoardAligned/StageOneBumperCluster" instance=ExtResource( 11 )]
transform = Transform( 1, -9.31323e-10, 0, -1.86265e-09, 1, 2.23517e-08, 1.49012e-08, -2.98023e-08, 1, 0.641397, -0.000111341, 0.0167779 )

[node name="Bumper2" parent="BoxV3/BoardAligned/StageOneBumperCluster" instance=ExtResource( 11 )]
transform = Transform( 1, -9.31323e-10, -1.49012e-08, -1.86265e-09, 1, 5.21541e-08, 0, -4.47035e-08, 1, -0.221408, 0.000529051, 0.763095 )

[node name="Bumper3" parent="BoxV3/BoardAligned/StageOneBumperCluster" instance=ExtResource( 11 )]
transform = Transform( 1, 0, 0, -1.86265e-09, 1, 4.47035e-08, 0, -4.47035e-08, 1, -0.483063, 3.71933e-05, -0.347644 )

[node name="Boss" parent="BoxV3/BoardAligned" instance=ExtResource( 18 )]
transform = Transform( -0.8, 0, -2.60673e-07, 0, 0.8, 7.45058e-09, 2.60673e-07, 7.45058e-09, -0.8, 0.71656, -4.48227e-05, -5.52655 )

[node name="CurvedRamp" parent="BoxV3/BoardAligned" instance=ExtResource( 16 )]
transform = Transform( 0.594161, 0, 0.083504, 0, 0.600001, 0, -0.0835039, 0, 0.594162, -0.729, 0, -3 )

[node name="CurvedRamp_R" parent="BoxV3/BoardAligned" instance=ExtResource( 17 )]
transform = Transform( 0.594161, 0, -0.0835039, 0, 0.6, 0, 0.0835039, 3.72529e-09, 0.594161, 2.08787, 0.000542402, -2.99484 )

[node name="Moon" parent="BoxV3/BoardAligned" instance=ExtResource( 13 )]
transform = Transform( 1, 0, 0, 0, 1, 0, 0, 0, 1, -3.59964, 0.245859, 0.0462199 )

[node name="MultiballShip" parent="BoxV3/BoardAligned" instance=ExtResource( 6 )]
transform = Transform( 0.465978, -0.0821646, -0.161596, 0.0868241, 0.492404, 0, 0.15914, -0.0280608, 0.473168, -3.36171, 0.310476, -6.21739 )

[node name="MultiballShipTerrain" type="Spatial" parent="BoxV3/BoardAligned"]

[node name="LongBox2" parent="BoxV3/BoardAligned/MultiballShipTerrain" instance=ExtResource( 7 )]
transform = Transform( 0.834367, -2.39995e-08, -0.0833802, -2.98023e-08, 0.712213, -1.58325e-08, 0.55121, 1.04308e-07, 0.126213, -3.1025, 0.000463724, -6.24533 )

[node name="LongBox3" parent="BoxV3/BoardAligned/MultiballShipTerrain" instance=ExtResource( 7 )]
transform = Transform( 0.492332, -5.09382e-08, -0.131665, -1.11759e-07, 0.712213, -2.28174e-08, 0.870408, 1.41561e-07, 0.0744739, -1.91929, 0.000709295, -7.3652 )

[node name="SimpleRamp" parent="BoxV3/BoardAligned/MultiballShipTerrain" instance=ExtResource( 12 )]
transform = Transform( 0.506656, -4.08507e-07, -0.211189, 8.6613e-08, 1.15522, 7.45058e-08, 0.109469, -1.78814e-07, 0.977445, -3.98942, 0.000309706, -4.57399 )

[node name="SimpleSlope" parent="BoxV3/BoardAligned/MultiballShipTerrain" instance=ExtResource( 8 )]
transform = Transform( 1.1892, 2.98023e-08, -1.19209e-07, 7.40977e-09, 1.84928, -1.78814e-07, -7.78802e-10, 1.3411e-07, 5.01194, -4.51581, -0.0236411, -5.5835 )

[node name="LongBox2" parent="BoxV3/BoardAligned" instance=ExtResource( 7 )]
transform = Transform( 0.592519, 0, -0.166868, 0, 1, -2.79397e-09, 0.805556, 0, 0.122739, 2.30139, 7.55787e-05, 5.57761 )

[node name="LongBox4" parent="BoxV3/BoardAligned" instance=ExtResource( 7 )]
transform = Transform( 0.957001, 9.71119e-09, -0.06009, -1.49012e-08, 1, 0, 0.290084, 7.45058e-09, 0.19824, 3.575, 0, 4.14 )

[node name="LongBox5" parent="BoxV3/BoardAligned" instance=ExtResource( 7 )]
transform = Transform( 0.957001, 0, 0.06009, 1.86265e-09, 1, 0, -0.290084, 0, 0.19824, -4.127, 0, 3.838 )

[node name="LongBox3" parent="BoxV3/BoardAligned" instance=ExtResource( 7 )]
transform = Transform( 0.592519, 0, 0.166868, 0, 0.661069, -9.31323e-10, -0.805556, 0, 0.122739, -2.83605, 7.15256e-07, 5.578 )

[node name="LaserTrex" parent="BoxV3/BoardAligned" instance=ExtResource( 15 )]
transform = Transform( -4.37114e-08, 0, 1, 0, 1, 3.10862e-15, -1, 0, -4.37114e-08, 4.01601, -2.81334e-05, 0.71889 )

[node name="SimpleSlope" parent="BoxV3/BoardAligned" instance=ExtResource( 8 )]
transform = Transform( 1.69137, 0, 0, 0, 1, 0, 0, 0, 4.64051, -4.51105, -0.000384092, 1.56313 )

[node name="SimpleSlope_R" parent="BoxV3/BoardAligned" instance=ExtResource( 19 )]
transform = Transform( -1.8201, -1.70997e-14, -1.99697e-06, -2.84217e-14, 1, 2.98023e-07, 7.08773e-07, 0, -5.12814, -4.50098, -1.21593e-05, 1.54182 )

[node name="Shop" parent="BoxV3/BoardAligned" instance=ExtResource( 20 )]
transform = Transform( -0.592056, 0, -0.805897, 0, 1, -7.45058e-09, 0.805897, 0, -0.592056, -2.4694, -0.000167131, 5.31615 )

[node name="CenterHUD" parent="BoxV3/BoardAligned" instance=ExtResource( 27 )]
transform = Transform( 1, 0, 0, 0, -1.63913e-07, 1, 0, -1, -1.63913e-07, -0.321924, 0.137677, 4.32354 )

[node name="TurretTeleporterEntrance" parent="BoxV3/BoardAligned" instance=ExtResource( 22 )]
transform = Transform( 0.836076, 1.09091e-07, -0.548615, -4.84288e-08, 1, 8.9407e-08, 0.548615, -5.96046e-08, 0.836077, 3.34856, -1.96081, -1.1688 )

[node name="MysteryTeleporterEntrance" parent="BoxV3/BoardAligned" instance=ExtResource( 22 )]
transform = Transform( 0.805256, 1.11576e-07, -0.592929, -8.19564e-08, 1, 1.19209e-07, 0.592928, -6.70552e-08, 0.805257, 3.21053, -0.150935, -4.13729 )

[node name="MysteryTeleporterExit" parent="BoxV3/BoardAligned" instance=ExtResource( 26 )]
transform = Transform( -0.880633, 0.0454006, -0.471619, 0.0448965, 0.998916, 0.012328, 0.471667, -0.0103175, -0.881717, -3.89888, -0.000811815, 2.23289 )

[node name="MysteryTeleporterExit2" parent="BoxV3/BoardAligned" instance=ExtResource( 26 )]
transform = Transform( -0.881153, 0.0337794, 0.471623, 0.0448889, 0.998916, 0.0123217, -0.470695, 0.0320279, -0.881715, 3.36753, -0.350796, 1.68092 )

[node name="StageTwoEntryRamp" parent="BoxV3/BoardAligned" instance=ExtResource( 23 )]
transform = Transform( 1, 0, 0, 0, 1, 0, 0, 0, 1, 3.96573, -8.55923e-05, -5.76779 )
curve = ExtResource( 25 )

[node name="PathFollow" parent="BoxV3/BoardAligned/StageTwoEntryRamp" index="0"]
gravity = 4

[node name="EntranceArea" parent="BoxV3/BoardAligned/StageTwoEntryRamp" index="1"]
transform = Transform( 1, 0, 0, 0, 1, 0, 0, 0, 1, 0.17342, 0.203443, 0.550225 )

[node name="ExitArea" parent="BoxV3/BoardAligned/StageTwoEntryRamp" index="2"]
transform = Transform( 1, 0, 0, 0, -1.62921e-07, -1, 0, 1, -1.62921e-07, -6.61682, 0.578, 1.81629 )

[node name="StageOneEntryRamp" parent="BoxV3/BoardAligned" instance=ExtResource( 23 )]
transform = Transform( 1, 0, 0, 0, 1, 0, 0, 0, 1, 3.96573, -8.4877e-05, 0.0568439 )
curve = ExtResource( 29 )

[node name="PathFollow" parent="BoxV3/BoardAligned/StageOneEntryRamp" index="0"]
gravity = 4

[node name="EntranceArea" parent="BoxV3/BoardAligned/StageOneEntryRamp" index="1"]
transform = Transform( 1, 0, 0, 0, 1, 0, 0, 0, 1, 0.17342, 0.203443, 0.550225 )

[node name="ExitArea" parent="BoxV3/BoardAligned/StageOneEntryRamp" index="2"]
transform = Transform( 1, 0, 0, 0, 0.154538, -0.987987, 0, 0.987987, 0.154538, -5.98453, 1.03144, -1.31205 )

[node name="SimpleSlope_R2" parent="BoxV3/BoardAligned" instance=ExtResource( 19 )]
transform = Transform( 1, 0, 0, 0, 1, 0, 0, 0, 1, 4.50766, 0.000474215, -7.71008 )

[node name="LoopingLouiesLooping" parent="BoxV3/BoardAligned" instance=ExtResource( 28 )]
transform = Transform( 0.811554, 3.93575e-09, -0.584278, -2.04891e-07, 1, -2.98023e-08, 0.584278, 0, 0.811555, -1.96265, 0.77106, -2.67657 )

[node name="EntranceArea" parent="BoxV3/BoardAligned/LoopingLouiesLooping" index="1"]
transform = Transform( 0.986266, -5.96046e-08, 0.165149, -7.45058e-09, 0.999999, -1.2666e-07, -0.165151, -2.23517e-08, 0.986266, 5.284, -0.531855, -0.00256854 )

[node name="Reference" type="Sprite3D" parent="."]
transform = Transform( 1, 0, 0, 0, 0.102805, 0.994522, 0, -0.978123, 0.104528, 0, -2.62545, 0.214347 )
visible = false
texture = ExtResource( 2 )

[node name="NormalCamera" type="Camera" parent="."]
transform = Transform( 1, 0, 0, 0, 0.34202, 0.939693, 0, -0.939693, 0.34202, -9.53674e-07, 10.0877, 4.53164 )
[connection signal="released" from="BoxV3/BoardAligned/Plunger" to="BoxV3/BoardAligned/PlayerTurret" method="_on_Plunger_released"]
[connection signal="menu_triggered" from="BoxV3/BoardAligned/Shop" to="BoxV3/BoardAligned/CenterHUD" method="_on_Shop_menu_triggered"]
[connection signal="ball_entered_1" from="BoxV3/BoardAligned/TurretTeleporterEntrance" to="BoxV3/BoardAligned/PlayerTurret" method="_on_TeleporterEntrance_ball_entered"]
[connection signal="ball_entered_2" from="BoxV3/BoardAligned/TurretTeleporterEntrance" to="BoxV3/BoardAligned/PlayerTurret" method="_on_TeleporterEntrance_ball_entered"]
[connection signal="ball_entered_1" from="BoxV3/BoardAligned/MysteryTeleporterEntrance" to="BoxV3/BoardAligned/MysteryTeleporterExit" method="_on_TeleporterEntrance_ball_entered"]
[connection signal="ball_entered_2" from="BoxV3/BoardAligned/MysteryTeleporterEntrance" to="BoxV3/BoardAligned/MysteryTeleporterExit2" method="_on_TeleporterEntrance_ball_entered"]
[connection signal="ball_entered_3" from="BoxV3/BoardAligned/MysteryTeleporterEntrance" to="BoxV3/BoardAligned/PlayerTurret" method="_on_TeleporterEntrance_ball_entered"]

[editable path="BoxV3/BoardAligned/StageTwoEntryRamp"]

[editable path="BoxV3/BoardAligned/StageOneEntryRamp"]

[editable path="BoxV3/BoardAligned/LoopingLouiesLooping"]
