[gd_scene load_steps=25 format=2]

[ext_resource path="res://Scenes/PlayfieldBoxKickstart.tscn" type="PackedScene" id=1]
[ext_resource path="res://Scenes/Import/Playfield_Blockout_Godot_03.tscn" type="PackedScene" id=2]
[ext_resource path="res://Scenes/SlingshotTrigger.tscn" type="PackedScene" id=3]
[ext_resource path="res://Scenes/MoonShop.tscn" type="PackedScene" id=4]
[ext_resource path="res://Scenes/CentralHUD3D.tscn" type="PackedScene" id=5]
[ext_resource path="res://Scenes/TransmissionHUD3D.tscn" type="PackedScene" id=6]
[ext_resource path="res://Scenes/PlayerStatsHUD3D.tscn" type="PackedScene" id=7]
[ext_resource path="res://Scenes/EnemyFleet.tscn" type="PackedScene" id=8]
[ext_resource path="res://Scenes/Stopper.tscn" type="PackedScene" id=9]
[ext_resource path="res://Scenes/PlayerShip.tscn" type="PackedScene" id=15]
[ext_resource path="res://Scenes/Plunger.tscn" type="PackedScene" id=17]
[ext_resource path="res://Scenes/FlipperV2_R.tscn" type="PackedScene" id=22]
[ext_resource path="res://Scenes/PinballSpawn.tscn" type="PackedScene" id=23]
[ext_resource path="res://Scenes/WireRamp.tscn" type="PackedScene" id=24]
[ext_resource path="res://Scenes/FlipperV2.tscn" type="PackedScene" id=38]

[sub_resource type="CubeMesh" id=1]

[sub_resource type="Curve3D" id=2]
_data = {
"points": PoolVector3Array( -0.953664, -0.622124, 1.41092, 0.953664, 0.622124, -1.41092, 0.368028, 0.0600598, 0.0951223, -0.0370417, 0.468751, 1.79944, 0.0370417, -0.468751, -1.79944, 2.18936, 0.773847, -4.24226 ),
"tilts": PoolRealArray( 0, 0 )
}

[sub_resource type="Curve3D" id=3]
_data = {
"points": PoolVector3Array( -0.953664, -0.622124, 1.41092, 0.953664, 0.622124, -1.41092, 0.368028, 0.0600598, 0.0951223, -0.0370417, 0.468751, 1.79944, 0.0370417, -0.468751, -1.79944, 1.85948, 0.769767, -4.33639 ),
"tilts": PoolRealArray( 0, 0 )
}

[sub_resource type="Curve3D" id=4]
_data = {
"points": PoolVector3Array( -0.604297, -1.1858, 4.01109, 0.604297, 1.1858, -4.01109, 0.216129, 0.18539, 0.0787525, 4.00246, 1.65227, -4.88691, -4.00246, -1.65227, 4.88691, 0.599546, 0.974028, 4.42139 ),
"tilts": PoolRealArray( 0, 0 )
}

[sub_resource type="Curve3D" id=5]
_data = {
"points": PoolVector3Array( -0.328447, -1.64322, 3.56378, 0.328447, 1.64322, -3.56378, 0.1994, 0.0953908, 0.129375, 3.60635, 1.75377, -4.76416, -3.60635, -1.75377, 4.76416, 0.125515, 0.967189, 4.28884 ),
"tilts": PoolRealArray( 0, 0 )
}

[sub_resource type="Curve3D" id=6]
_data = {
"points": PoolVector3Array( -0.73895, 0.000147194, 1.87507, 0.73895, -0.000147194, -1.87507, 0.214862, 0.235038, 0.246611, 0.0203929, -0.628844, 0.570536, -0.0203929, 0.628844, -0.570536, 0.540718, 0.771479, -2.86652 ),
"tilts": PoolRealArray( 0, 0 )
}

[sub_resource type="Curve3D" id=7]
_data = {
"points": PoolVector3Array( -0.262009, 0.00178811, 2.02344, 0.262009, -0.00178811, -2.02344, 0.131429, 0.170385, 0.35644, 0.0323749, -0.135524, 0.246084, -0.0323749, 0.135524, -0.246084, 0.119821, 0.374049, -2.4507, 0, 0, 0, 0, 0, 0, 0.0867257, 0.78614, -2.87272 ),
"tilts": PoolRealArray( 0, 0, 0 )
}

[sub_resource type="Curve3D" id=8]
_data = {
"points": PoolVector3Array( 0.111631, -0.630003, 1.96705, -0.111631, 0.630003, -1.96705, 0.12722, 0.246703, 0.285785, -0.992431, 0.0704893, -0.00843143, 0.992431, -0.0704893, 0.00843143, 0.588669, 1.75213, -4.07643, 0.101807, 0.113249, -2.11856, -0.101807, -0.113249, 2.11856, 0.734406, 1.06129, -0.592735, -0.0209513, 0.0995578, -1.6001, 0.0209513, -0.0995578, 1.6001, -0.680466, 0.986806, 2.55778, -0.0317707, 0.0453095, -0.924984, 0.0317707, -0.0453095, 0.924984, -0.604675, 0.837641, 5.83097, -0.10728, 0.032328, -1.75842, 0.10728, -0.032328, 1.75842, -0.140228, 0.766793, 7.91154 ),
"tilts": PoolRealArray( 0, 0, 0, 0, 0, 0 )
}

[sub_resource type="Curve3D" id=9]
_data = {
"points": PoolVector3Array( 0.786604, -0.719589, 2.11634, -0.786604, 0.719589, -2.11634, 0.586551, 0.164822, 0.292785, -0.992431, 0.0704893, -0.00843143, 0.992431, -0.0704893, 0.00843143, 0.588669, 1.75213, -4.07643, 0.101807, 0.113249, -2.11856, -0.101807, -0.113249, 2.11856, 0.734406, 1.06129, -0.592735, -0.0209513, 0.0995578, -1.6001, 0.0209513, -0.0995578, 1.6001, -0.680466, 0.986806, 2.55778, -0.0317707, 0.0453095, -0.924984, 0.0317707, -0.0453095, 0.924984, -0.604675, 0.837641, 5.83097, -0.10728, 0.032328, -1.75842, 0.10728, -0.032328, 1.75842, -0.140228, 0.766793, 7.91154 ),
"tilts": PoolRealArray( 0, 0, 0, 0, 0, 0 )
}

[node name="PlayfieldKickstart" type="Spatial"]

[node name="PlayfieldBoxKickstart" parent="." instance=ExtResource( 1 )]
transform = Transform( 1, 0, 0, 0, 1, 0, 0, 0, 1, -0.00227702, 0.000526011, -0.00755227 )

[node name="Playfield_Blockout_Godot_03" parent="." instance=ExtResource( 2 )]
transform = Transform( 1, 0, 0, 0, 0.996195, -0.0871557, 0, 0.0871557, 0.996195, -0.003, 0, 0.029 )

[node name="Center" type="Spatial" parent="Playfield_Blockout_Godot_03"]
transform = Transform( 1, 0, 0, 0, 1, -9.68575e-08, 0, 9.68575e-08, 1, -0.335, 0, 0 )

[node name="FlipperV2" parent="Playfield_Blockout_Godot_03/Center" instance=ExtResource( 38 )]
transform = Transform( 0.866026, 0, -0.5, 0, 1, -7.45058e-09, 0.5, 0, 0.866027, -1.268, -0.069, 6.613 )

[node name="FlipperV2_R" parent="Playfield_Blockout_Godot_03/Center" instance=ExtResource( 22 )]
transform = Transform( 0.866026, 0, 0.5, 0, 1, -7.45058e-09, -0.5, 0, 0.866026, 1.268, 0.111, 6.613 )
IMPULSE_STRENGTH = 50

[node name="Plunger" parent="Playfield_Blockout_Godot_03/Center" instance=ExtResource( 17 )]
transform = Transform( 1, 0, 0, 0, 1, -7.45058e-09, 0, 7.45058e-09, 1, 4.329, 0.0056631, 6.27874 )

[node name="PinballSpawn" parent="Playfield_Blockout_Godot_03/Center" instance=ExtResource( 23 )]
transform = Transform( 1, 0, 0, 0, 1, 0, 0, 0, 1, 4.28925, 0.919748, 5.71257 )

[node name="MeshInstance" type="MeshInstance" parent="Playfield_Blockout_Godot_03/Center/PinballSpawn"]
transform = Transform( 0.3, 0, 0, 0, 0.3, 0, 0, 0, 0.3, -0.100001, -0.128808, 0.0112691 )
visible = false
mesh = SubResource( 1 )
material/0 = null

[node name="PlayerShip" parent="Playfield_Blockout_Godot_03/Center" instance=ExtResource( 15 )]
transform = Transform( 1, 0, 0, 0, 1, 0, 0, 0, 1, 0, -0.0381613, 7.60382 )
IS_VULNERABLE_PER_STAGE = {
"0-Testing": true,
"1-Pregame": false,
"10-Defeat": false,
"2-Exposition": true,
"3-EnemyFleet": true,
"4-BossAppears": true,
"5-Missiles": true,
"6-Trex": true,
"7-BlackHole": true,
"8-Eclipse": true,
"9-Victory": false
}

[node name="WireRamp1-1" parent="Playfield_Blockout_Godot_03/Center" instance=ExtResource( 24 )]
transform = Transform( 1, 0, 0, 0, 1, 0, 0, 0, 1, 2.12896, 0.137825, 1.30159 )
curve = SubResource( 2 )

[node name="BombReplica" parent="Playfield_Blockout_Godot_03/Center/WireRamp1-1/PathFollow" index="1"]
transform = Transform( 0.2, 0, 0, 0, 0.2, 3.72529e-09, 0, 1.86265e-09, 0.2, 0, 0, 0 )

[node name="EntranceArea" parent="Playfield_Blockout_Godot_03/Center/WireRamp1-1" index="1"]
transform = Transform( -0.754812, -3.94662e-09, 0.65594, -1.11759e-08, 1, 7.45058e-09, -0.65594, -7.45058e-09, -0.754812, 0.268687, 0.0216143, 0.238886 )

[node name="ExitArea" parent="Playfield_Blockout_Godot_03/Center/WireRamp1-1" index="2"]
transform = Transform( 1, -3.91436e-08, 1.14437e-07, 1.05022e-08, 0.970708, 0.240262, -1.2049e-07, -0.240262, 0.970708, 2.18762, 0.776503, -4.24924 )

[node name="WireRamp1-2" parent="Playfield_Blockout_Godot_03/Center" instance=ExtResource( 24 )]
transform = Transform( 1, 0, 0, 0, 1, 0, 0, 0, 1, 2.49353, 0.137825, 1.60743 )
curve = SubResource( 3 )

[node name="EntranceArea" parent="Playfield_Blockout_Godot_03/Center/WireRamp1-2" index="1"]
transform = Transform( -0.720369, 0, 0.69359, 1.11759e-08, 1, -7.45058e-09, -0.69359, 0, -0.720369, 0.212578, 0.0216143, 0.218915 )

[node name="ExitArea" parent="Playfield_Blockout_Godot_03/Center/WireRamp1-2" index="2"]
transform = Transform( 1, -7.18866e-08, 2.58414e-07, -1.79918e-09, 0.961598, 0.274463, -2.68221e-07, -0.274463, 0.961598, 1.92863, 0.767921, -4.34044 )

[node name="WireRamp2-1" parent="Playfield_Blockout_Godot_03/Center" instance=ExtResource( 24 )]
transform = Transform( 1, 0, 0, 0, 1, 0, 0, 0, 1, 1.92892, 6.25849e-06, -2.5696 )
curve = SubResource( 4 )

[node name="EntranceArea" parent="Playfield_Blockout_Godot_03/Center/WireRamp2-1" index="1"]
transform = Transform( -0.98815, 0, 0.153486, -2.79397e-09, 1, -7.45058e-09, -0.153486, 0, -0.988151, 0.167475, 0.207964, 0.327151 )

[node name="ExitArea" parent="Playfield_Blockout_Godot_03/Center/WireRamp2-1" index="2"]
transform = Transform( -0.740711, -0.146565, 0.655642, 0, 0.975913, 0.21816, -0.671824, 0.161594, -0.722869, 0.603204, 0.996157, 4.39236 )

[node name="WireRamp2-2" parent="Playfield_Blockout_Godot_03/Center" instance=ExtResource( 24 )]
transform = Transform( 1, 0, 0, 0, 1, 0, 0, 0, 1, 2.44646, 6.09457e-06, -2.46342 )
curve = SubResource( 5 )

[node name="EntranceArea" parent="Playfield_Blockout_Godot_03/Center/WireRamp2-2" index="1"]
transform = Transform( -0.973162, 0, 0.230118, -1.30385e-08, 1, 2.23517e-08, -0.230118, 0, -0.973163, 0.0772491, 0.213405, 0.346341 )

[node name="WireRamp3-1" parent="Playfield_Blockout_Godot_03/Center" instance=ExtResource( 24 )]
transform = Transform( 1, 0, 0, 0, 1, 0, 0, 0, 1, 3.01078, 6.06827e-06, -2.46342 )
curve = SubResource( 6 )

[node name="EntranceArea" parent="Playfield_Blockout_Godot_03/Center/WireRamp3-1" index="1"]
transform = Transform( -0.988953, 0, 0.148224, 1.86265e-09, 1, 1.49012e-08, -0.148224, 0, -0.988953, 0.124213, 0.198423, 0.360442 )

[node name="ExitArea" parent="Playfield_Blockout_Godot_03/Center/WireRamp3-1" index="2"]
transform = Transform( 0.998134, 1.74642e-09, 0.0610659, -2.79397e-09, 1, 0, -0.0610659, 0, 0.998134, 0.531565, 0.853501, -2.90004 )

[node name="WireRamp3-2" parent="Playfield_Blockout_Godot_03/Center" instance=ExtResource( 24 )]
transform = Transform( 1, 0, 0, 0, 1, 0, 0, 0, 1, 3.47805, 6.03846e-06, -2.46342 )
curve = SubResource( 7 )

[node name="EntranceArea" parent="Playfield_Blockout_Godot_03/Center/WireRamp3-2" index="1"]
transform = Transform( -0.993695, 0, 0.112111, -1.86265e-09, 1, 0, -0.112111, 0, -0.993695, 0.122448, 0.201784, 0.365087 )

[node name="ExitArea" parent="Playfield_Blockout_Godot_03/Center/WireRamp3-2" index="2"]
transform = Transform( 0.99236, -4.64855e-10, 0.123376, 0, 1, 1.49012e-08, -0.123376, 0, 0.992361, 0.019573, 0.920225, -2.9414 )

[node name="WireRamp4-1" parent="Playfield_Blockout_Godot_03/Center" instance=ExtResource( 24 )]
transform = Transform( 1, 0, 0, 0, 1, 0, 0, 0, 1, -2.79659, 6.22869e-06, -3.33961 )
curve = SubResource( 8 )

[node name="EntranceArea" parent="Playfield_Blockout_Godot_03/Center/WireRamp4-1" index="1"]
transform = Transform( -0.99982, 0, -0.0189356, 1.16415e-10, 1, 0, 0.0189356, 0, -0.99982, 0.0957806, 0.25287, 0.492537 )

[node name="ExitArea" parent="Playfield_Blockout_Godot_03/Center/WireRamp4-1" index="2"]
transform = Transform( 1.94707e-07, 1, 4.37114e-08, 0, -4.37114e-08, 1, 1, -1.94707e-07, 0, -0.122497, 0.791733, 7.87177 )

[node name="WireRamp4-2" parent="Playfield_Blockout_Godot_03/Center" instance=ExtResource( 24 )]
transform = Transform( 1, 0, 0, 0, 1, 0, 0, 0, 1, -2.79659, 6.22869e-06, -3.33961 )
curve = SubResource( 9 )

[node name="EntranceArea" parent="Playfield_Blockout_Godot_03/Center/WireRamp4-2" index="1"]
transform = Transform( -0.984564, 2.32789e-10, -0.175023, 0, 1, 7.45058e-09, 0.175023, 0, -0.984564, 0.614446, 0.216682, 0.404453 )

[node name="ExitArea" parent="Playfield_Blockout_Godot_03/Center/WireRamp4-2" index="2"]
transform = Transform( 1, 0, 0, 0, -4.47035e-08, 1, 0, -1, -4.47035e-08, -0.12271, 0.781431, 7.86756 )

[node name="SlingshotTrigger" parent="Playfield_Blockout_Godot_03/Center" instance=ExtResource( 3 )]
transform = Transform( 0.409382, 0, -0.912363, 0, 1, 0, 0.912363, 0, 0.409382, -2.00824, -2.5332e-06, 4.39107 )

[node name="SlingshotTrigger2" parent="Playfield_Blockout_Godot_03/Center" instance=ExtResource( 3 )]
transform = Transform( 0.409382, 0, 0.912363, 0, 1, 0, -0.912363, 0, 0.409382, 2.008, 0, 4.391 )

[node name="MoonShop" parent="Playfield_Blockout_Godot_03/Center" instance=ExtResource( 4 )]
transform = Transform( -0.7, 0, -2.28089e-07, -8.88178e-15, 0.7, 0, 2.28089e-07, 0, -0.7, -3.47713, 0.0652821, -3.53333 )

[node name="CentralHUD3D" parent="Playfield_Blockout_Godot_03/Center" instance=ExtResource( 5 )]
transform = Transform( 0.73, 0, 0, 0, -1.49012e-08, 0.73, 0, -0.73, -1.49012e-08, 0, 0.0619999, 4.084 )

[node name="TransmissionHUD3D" parent="Playfield_Blockout_Godot_03/Center" instance=ExtResource( 6 )]
transform = Transform( 0.8, 0, 0, 0, -3.72529e-08, 1, 0, -0.8, -4.47035e-08, -4.1, 0.5, 8 )

[node name="EnemyFleet" parent="Playfield_Blockout_Godot_03/Center" instance=ExtResource( 8 )]
transform = Transform( 1, 0, 0, 0, 1, 0, 0, 0, 1, 0.326087, 0, 0 )

[node name="Stopper" parent="Playfield_Blockout_Godot_03/Center" instance=ExtResource( 9 )]
transform = Transform( 1, 0, 0, 0, 1, 0, 0, 0, 1, 0, -0.4, 7.25 )

[node name="PlayerStatsHUD3D" parent="Playfield_Blockout_Godot_03/Center" instance=ExtResource( 7 )]
transform = Transform( 0.8, 0, 0, 0, -1.2666e-07, 0.8, 0, -0.8, -1.2666e-07, 3.88829, 0.5, 8 )

[node name="Spatial" type="Spatial" parent="Playfield_Blockout_Godot_03/Center"]

[node name="DirectionalLight" type="DirectionalLight" parent="."]
transform = Transform( 1, 0, 0, 0, 0.450597, 0.892727, 0, -0.892727, 0.450597, 0, 0, 0 )

[editable path="Playfield_Blockout_Godot_03/Center/WireRamp1-1"]

[editable path="Playfield_Blockout_Godot_03/Center/WireRamp1-2"]

[editable path="Playfield_Blockout_Godot_03/Center/WireRamp2-1"]

[editable path="Playfield_Blockout_Godot_03/Center/WireRamp2-2"]

[editable path="Playfield_Blockout_Godot_03/Center/WireRamp3-1"]

[editable path="Playfield_Blockout_Godot_03/Center/WireRamp3-2"]

[editable path="Playfield_Blockout_Godot_03/Center/WireRamp4-1"]

[editable path="Playfield_Blockout_Godot_03/Center/WireRamp4-2"]
