[gd_scene load_steps=31 format=2]

[ext_resource path="res://Scenes/PlayfieldBoxKickstart.tscn" type="PackedScene" id=1]
[ext_resource path="res://Scenes/Import/Playfield_Blockout_Godot_03.tscn" type="PackedScene" id=2]
[ext_resource path="res://Scenes/SlingshotTrigger.tscn" type="PackedScene" id=3]
[ext_resource path="res://Scenes/MoonShop.tscn" type="PackedScene" id=4]
[ext_resource path="res://Scenes/CentralHUD3D.tscn" type="PackedScene" id=5]
[ext_resource path="res://Scenes/TransmissionHUD3D.tscn" type="PackedScene" id=6]
[ext_resource path="res://Scenes/PlayerStatsHUD3D.tscn" type="PackedScene" id=7]
[ext_resource path="res://Scenes/EnemyFleet.tscn" type="PackedScene" id=8]
[ext_resource path="res://Scenes/InvisibleButtonPlunger.tscn" type="PackedScene" id=10]
[ext_resource path="res://Scenes/BossSetup.tscn" type="PackedScene" id=11]
[ext_resource path="res://Scenes/MultiballShip.tscn" type="PackedScene" id=12]
[ext_resource path="res://Materials/3d_prints.tres" type="Material" id=13]
[ext_resource path="res://Meshes/Louie_01.obj" type="ArrayMesh" id=14]
[ext_resource path="res://Scenes/PlayerShip.tscn" type="PackedScene" id=15]
[ext_resource path="res://Scenes/PlayerTurret.tscn" type="PackedScene" id=16]
[ext_resource path="res://Scenes/FlipperV2_R.tscn" type="PackedScene" id=22]
[ext_resource path="res://Scenes/PinballSpawn.tscn" type="PackedScene" id=23]
[ext_resource path="res://Scenes/WireRamp.tscn" type="PackedScene" id=24]
[ext_resource path="res://Scenes/FlipperV2.tscn" type="PackedScene" id=38]

[sub_resource type="Curve3D" id=1]
_data = {
"points": PoolVector3Array( -1.50881, -0.63796, 1.21903, 1.50881, 0.63796, -1.21903, 0.368028, 0.0600598, 0.0951223, -0.0549519, 0.147924, 1.9788, 0.0549519, -0.147924, -1.9788, 2.18936, 0.773847, -4.24226 ),
"tilts": PoolRealArray( 0, 0 )
}

[sub_resource type="Curve3D" id=2]
_data = {
"points": PoolVector3Array( -1.09013, -0.520258, 1.39429, 1.09013, 0.520258, -1.39429, 0.368028, 0.0600598, 0.0951223, -0.0523852, 0.18027, 1.78743, 0.0523852, -0.18027, -1.78743, 1.85948, 0.769767, -4.33639 ),
"tilts": PoolRealArray( 0, 0 )
}

[sub_resource type="Curve3D" id=3]
_data = {
"points": PoolVector3Array( -0.604297, -1.1858, 4.01109, 0.604297, 1.1858, -4.01109, 0.216129, 0.18539, 0.0787525, 4.00246, 1.65227, -4.88691, -4.00246, -1.65227, 4.88691, 0.599546, 0.974028, 4.42139 ),
"tilts": PoolRealArray( 0, 0 )
}

[sub_resource type="Curve3D" id=4]
_data = {
"points": PoolVector3Array( -0.328447, -1.64322, 3.56378, 0.328447, 1.64322, -3.56378, 0.1994, 0.0953908, 0.129375, 3.60635, 1.75377, -4.76416, -3.60635, -1.75377, 4.76416, 0.125515, 0.967189, 4.28884 ),
"tilts": PoolRealArray( 0, 0 )
}

[sub_resource type="Curve3D" id=5]
_data = {
"points": PoolVector3Array( -0.73895, 0.000147194, 1.87507, 0.73895, -0.000147194, -1.87507, 0.214862, 0.235038, 0.246611, 0.0203929, -0.628844, 0.570536, -0.0203929, 0.628844, -0.570536, 0.506757, 0.752901, -2.55948 ),
"tilts": PoolRealArray( 0, 0 )
}

[sub_resource type="Curve3D" id=6]
_data = {
"points": PoolVector3Array( -0.262009, 0.00178811, 2.02344, 0.262009, -0.00178811, -2.02344, 0.131429, 0.170385, 0.35644, 0, 0, 0, 0, 0, 0, 0.109554, 0.780605, -2.43549 ),
"tilts": PoolRealArray( 0, 0 )
}

[sub_resource type="Curve3D" id=7]
_data = {
"points": PoolVector3Array( 0.111631, -0.630003, 1.96705, -0.111631, 0.630003, -1.96705, 0.12722, 0.246703, 0.285785, -0.992431, 0.0704893, -0.00843143, 0.992431, -0.0704893, 0.00843143, 0.588669, 1.75213, -4.07643, 0.101807, 0.113249, -2.11856, -0.101807, -0.113249, 2.11856, 0.734406, 1.06129, -0.592735, -0.0209513, 0.0995578, -1.6001, 0.0209513, -0.0995578, 1.6001, -0.680466, 0.986806, 2.55778, -0.0317707, 0.0453095, -0.924984, 0.0317707, -0.0453095, 0.924984, -0.604675, 0.837641, 5.83097, -0.10728, 0.032328, -1.75842, 0.10728, -0.032328, 1.75842, -0.140228, 0.766793, 7.91154 ),
"tilts": PoolRealArray( 0, 0, 0, 0, 0, 0 )
}

[sub_resource type="Curve3D" id=8]
_data = {
"points": PoolVector3Array( 0.786604, -0.719589, 2.11634, -0.786604, 0.719589, -2.11634, 0.586551, 0.164822, 0.292785, -0.992431, 0.0704893, -0.00843143, 0.992431, -0.0704893, 0.00843143, 0.588669, 1.75213, -4.07643, 0.101807, 0.113249, -2.11856, -0.101807, -0.113249, 2.11856, 0.734406, 1.06129, -0.592735, -0.0209513, 0.0995578, -1.6001, 0.0209513, -0.0995578, 1.6001, -0.680466, 0.986806, 2.55778, -0.0317707, 0.0453095, -0.924984, 0.0317707, -0.0453095, 0.924984, -0.604675, 0.837641, 5.83097, -0.10728, 0.032328, -1.75842, 0.10728, -0.032328, 1.75842, -0.140228, 0.766793, 7.91154 ),
"tilts": PoolRealArray( 0, 0, 0, 0, 0, 0 )
}

[sub_resource type="Curve3D" id=9]
_data = {
"points": PoolVector3Array( -0.384317, -0.160463, 1.39638, 0.384317, 0.160463, -1.39638, -0.957448, 0.194658, 1.13687, -0.281806, 0.102131, -1.53649, 0.281806, -0.102131, 1.53649, 2.58536, 0.147334, 1.12853 ),
"tilts": PoolRealArray( 0, 0 )
}

[sub_resource type="Curve3D" id=10]
_data = {
"points": PoolVector3Array( 0.483779, -0.299698, -0.195076, -0.483779, 0.299698, 0.195076, -0.00754893, 1.18903, -0.0544853, 0, 0, 0, 0.281806, -0.102131, 1.53649, -0.81629, 1.2737, 0.775506 ),
"tilts": PoolRealArray( 0, 0 )
}

[sub_resource type="ViewportTexture" id=11]
viewport_path = NodePath("Viewport")

[node name="PlayfieldKickstart" type="Spatial"]
__meta__ = {
"_edit_lock_": true
}

[node name="PlayfieldBoxKickstart" parent="." instance=ExtResource( 1 )]
transform = Transform( 1, 0, 0, 0, 1, 0, 0, 0, 1, -0.00623334, 0.00054127, -0.00687707 )

[node name="Playfield_Blockout_Godot_03" parent="." instance=ExtResource( 2 )]
transform = Transform( 1, 0, 0, 0, 0.996195, -0.0871557, 0, 0.0871557, 0.996195, -0.003, 0, 0.029 )

[node name="Center" type="Spatial" parent="Playfield_Blockout_Godot_03"]
transform = Transform( 1, 0, 0, 0, 1, -9.68575e-08, 0, 9.68575e-08, 1, -0.335, 0, 0 )
__meta__ = {
"_edit_lock_": true
}

[node name="FlipperV2" parent="Playfield_Blockout_Godot_03/Center" instance=ExtResource( 38 )]
transform = Transform( 0.865056, 0, -0.49944, -3.72529e-08, 0.99888, -3.72529e-08, 0.49944, 7.45058e-08, 0.865057, -1.34, -0.00576309, 6.552 )

[node name="FlipperV2_R" parent="Playfield_Blockout_Godot_03/Center" instance=ExtResource( 22 )]
transform = Transform( 0.866026, 0, 0.5, 0, 1, -9.68575e-08, -0.5, 0, 0.866026, 1.34, -0.00576309, 6.552 )
collision_mask = 0
IMPULSE_STRENGTH = 75

[node name="PinballSpawn" parent="Playfield_Blockout_Godot_03/Center" instance=ExtResource( 23 )]
transform = Transform( 1, 0, 0, 0, 1, 0, 0, 0, 1, 4.289, 0.35, 5.505 )

[node name="PlayerShip" parent="Playfield_Blockout_Godot_03/Center" instance=ExtResource( 15 )]
transform = Transform( 1, 0, 0, 0, 1, 0, 0, 0, 1, 0, -0.0381613, 7.60382 )

[node name="WireRamp1-1" parent="Playfield_Blockout_Godot_03/Center" instance=ExtResource( 24 )]
transform = Transform( 1, 0, 0, 0, 1, 0, 0, 0, 1, 2.12896, 0.137825, 1.30159 )
curve = SubResource( 1 )

[node name="BombReplica" parent="Playfield_Blockout_Godot_03/Center/WireRamp1-1/PathFollow" index="1"]
transform = Transform( 0.2, 0, 0, 0, 0.2, 3.72529e-09, 0, 1.86265e-09, 0.2, 0, 0, 0 )

[node name="EntranceArea" parent="Playfield_Blockout_Godot_03/Center/WireRamp1-1" index="1"]
transform = Transform( -0.754812, -3.94662e-09, 0.65594, -1.11759e-08, 1, 7.45058e-09, -0.65594, -7.45058e-09, -0.754812, 0.268687, 0.0216143, 0.238886 )

[node name="ExitArea" parent="Playfield_Blockout_Godot_03/Center/WireRamp1-1" index="2"]
transform = Transform( 1, -3.91436e-08, 1.14437e-07, 1.05022e-08, 0.970708, 0.240262, -1.2049e-07, -0.240262, 0.970708, 2.18762, 0.776503, -4.24924 )

[node name="WireRamp1-2" parent="Playfield_Blockout_Godot_03/Center" instance=ExtResource( 24 )]
transform = Transform( 1, 0, 0, 0, 1, 0, 0, 0, 1, 2.49353, 0.137825, 1.60743 )
curve = SubResource( 2 )

[node name="EntranceArea" parent="Playfield_Blockout_Godot_03/Center/WireRamp1-2" index="1"]
transform = Transform( -0.720369, 0, 0.69359, 1.11759e-08, 1, -7.45058e-09, -0.69359, 0, -0.720369, 0.212578, 0.0216143, 0.218915 )

[node name="ExitArea" parent="Playfield_Blockout_Godot_03/Center/WireRamp1-2" index="2"]
transform = Transform( 1, -7.18866e-08, 2.58414e-07, -1.79918e-09, 0.961598, 0.274463, -2.68221e-07, -0.274463, 0.961598, 1.92863, 0.767921, -4.34044 )

[node name="WireRamp2-1" parent="Playfield_Blockout_Godot_03/Center" instance=ExtResource( 24 )]
transform = Transform( 1, 0, 0, 0, 1, 0, 0, 0, 1, 1.92892, 6.25849e-06, -2.5696 )
curve = SubResource( 3 )

[node name="EntranceArea" parent="Playfield_Blockout_Godot_03/Center/WireRamp2-1" index="1"]
transform = Transform( -0.98815, 0, 0.153486, -2.79397e-09, 1, -7.45058e-09, -0.153486, 0, -0.988151, 0.167475, 0.207964, 0.327151 )

[node name="ExitArea" parent="Playfield_Blockout_Godot_03/Center/WireRamp2-1" index="2"]
transform = Transform( -0.740711, -0.146565, 0.655642, 0, 0.975913, 0.21816, -0.671824, 0.161594, -0.722869, 0.603204, 0.996157, 4.39236 )

[node name="WireRamp2-2" parent="Playfield_Blockout_Godot_03/Center" instance=ExtResource( 24 )]
transform = Transform( 1, 0, 0, 0, 1, 0, 0, 0, 1, 2.44646, 6.09457e-06, -2.46342 )
curve = SubResource( 4 )

[node name="EntranceArea" parent="Playfield_Blockout_Godot_03/Center/WireRamp2-2" index="1"]
transform = Transform( -0.973162, 0, 0.230118, -1.30385e-08, 1, 2.23517e-08, -0.230118, 0, -0.973163, 0.0772491, 0.213405, 0.346341 )

[node name="ExitArea" parent="Playfield_Blockout_Godot_03/Center/WireRamp2-2" index="2"]
transform = Transform( -0.770736, -0.153872, 0.618296, 0, 0.970401, 0.241499, -0.637155, 0.186132, -0.747924, 0.11647, 0.978414, 4.27207 )

[node name="WireRamp3-1" parent="Playfield_Blockout_Godot_03/Center" instance=ExtResource( 24 )]
transform = Transform( 1, 0, 0, 0, 1, 0, 0, 0, 1, 3.01078, 6.06827e-06, -2.46342 )
curve = SubResource( 5 )

[node name="EntranceArea" parent="Playfield_Blockout_Godot_03/Center/WireRamp3-1" index="1"]
transform = Transform( -0.988953, 0, 0.148224, 1.86265e-09, 1, 1.49012e-08, -0.148224, 0, -0.988953, 0.124213, 0.198423, 0.360442 )

[node name="ExitArea" parent="Playfield_Blockout_Godot_03/Center/WireRamp3-1" index="2"]
transform = Transform( 0.998134, 1.74642e-09, 0.0610659, -2.79397e-09, 1, 0, -0.0610659, 0, 0.998134, 0.549643, 0.853501, -2.60454 )

[node name="WireRamp3-2" parent="Playfield_Blockout_Godot_03/Center" instance=ExtResource( 24 )]
transform = Transform( 1, 0, 0, 0, 1, 0, 0, 0, 1, 3.47805, 6.03846e-06, -2.46342 )
curve = SubResource( 6 )

[node name="EntranceArea" parent="Playfield_Blockout_Godot_03/Center/WireRamp3-2" index="1"]
transform = Transform( -0.993695, 0, 0.112111, -1.86265e-09, 1, 0, -0.112111, 0, -0.993695, 0.122448, 0.201784, 0.365087 )

[node name="ExitArea" parent="Playfield_Blockout_Godot_03/Center/WireRamp3-2" index="2"]
transform = Transform( 0.99236, -4.64855e-10, 0.123376, 0, 1, 1.49012e-08, -0.123376, 0, 0.992361, 0.0661218, 0.920225, -2.56699 )

[node name="WireRamp4-1" parent="Playfield_Blockout_Godot_03/Center" instance=ExtResource( 24 )]
transform = Transform( 1, 0, 0, 0, 1, 0, 0, 0, 1, -2.79659, 6.22869e-06, -3.33961 )
curve = SubResource( 7 )

[node name="EntranceArea" parent="Playfield_Blockout_Godot_03/Center/WireRamp4-1" index="1"]
transform = Transform( -0.99982, 0, -0.0189356, 1.16415e-10, 1, 0, 0.0189356, 0, -0.99982, 0.0957806, 0.25287, 0.492537 )

[node name="ExitArea" parent="Playfield_Blockout_Godot_03/Center/WireRamp4-1" index="2"]
transform = Transform( 1.94707e-07, 1, 4.37114e-08, 0, -4.37114e-08, 1, 1, -1.94707e-07, 0, -0.122497, 0.791733, 7.87177 )

[node name="WireRamp4-2" parent="Playfield_Blockout_Godot_03/Center" instance=ExtResource( 24 )]
transform = Transform( 1, 0, 0, 0, 1, 0, 0, 0, 1, -2.79659, 6.22869e-06, -3.33961 )
curve = SubResource( 8 )

[node name="EntranceArea" parent="Playfield_Blockout_Godot_03/Center/WireRamp4-2" index="1"]
transform = Transform( -0.984564, 2.32789e-10, -0.175023, 0, 1, 7.45058e-09, 0.175023, 0, -0.984564, 0.614446, 0.216682, 0.404453 )

[node name="ExitArea" parent="Playfield_Blockout_Godot_03/Center/WireRamp4-2" index="2"]
transform = Transform( 1, 0, 0, 0, -4.47035e-08, 1, 0, -1, -4.47035e-08, -0.12271, 0.781431, 7.86756 )

[node name="WireRamp5" parent="Playfield_Blockout_Godot_03/Center" instance=ExtResource( 24 )]
transform = Transform( 1, 0, 0, 0, 1, 0, 0, 0, 1, -0.781006, 1.15088e-06, -7.07809 )
curve = SubResource( 9 )
allow_exit_as_entrance = true

[node name="EntranceArea" parent="Playfield_Blockout_Godot_03/Center/WireRamp5" index="1"]
transform = Transform( -0.999792, -9.21067e-09, -0.020349, -9.31323e-09, 1, -7.45058e-09, 0.020349, -7.45058e-09, -0.999792, -0.947593, 0.200013, 1.19654 )

[node name="ExitArea" parent="Playfield_Blockout_Godot_03/Center/WireRamp5" index="2"]
transform = Transform( -0.949765, -5.82257e-09, -0.312965, -3.72529e-09, 1, -7.45058e-09, 0.312965, 0, -0.949765, 2.58458, 0.199968, 1.13671 )

[node name="WireRamp6" parent="Playfield_Blockout_Godot_03/Center" instance=ExtResource( 24 )]
transform = Transform( 1, 0, 0, 0, 1, 0, 0, 0, 1, 1.88171, -0.00711099, -5.86553 )
curve = SubResource( 10 )

[node name="EntranceArea" parent="Playfield_Blockout_Godot_03/Center/WireRamp6" index="1"]
transform = Transform( 1.2506, 0.6367, -0.851396, 0.275068, 1.83432, 0.387833, 2.71299, -0.479477, 0.353143, 0.17114, 1.30709, -0.194115 )

[node name="ExitArea" parent="Playfield_Blockout_Godot_03/Center/WireRamp6" index="2"]
transform = Transform( -0.813944, -0.211057, 0.54125, -0.0506327, 0.9539, 0.295825, -0.578734, 0.21338, -0.787107, -0.776176, 1.30286, 0.777132 )

[node name="SlingshotTrigger" parent="Playfield_Blockout_Godot_03/Center" instance=ExtResource( 3 )]
transform = Transform( 0.409382, 0, -0.912363, 0, 1, 0, 0.912363, 0, 0.409382, -2.1, 0, 4.391 )

[node name="SlingshotTrigger2" parent="Playfield_Blockout_Godot_03/Center" instance=ExtResource( 3 )]
transform = Transform( 0.409382, 0, 0.912363, 0, 1, 0, -0.912363, 0, 0.409382, 2.1, 0, 4.391 )

[node name="MoonShop" parent="Playfield_Blockout_Godot_03/Center" instance=ExtResource( 4 )]
transform = Transform( -1, -1.26883e-14, -3.89414e-07, -1.77636e-14, 1, 0, 3.89414e-07, 0, -1, -3.47713, 0.0652821, -3.23195 )

[node name="CentralHUD3D" parent="Playfield_Blockout_Godot_03/Center" instance=ExtResource( 5 )]
transform = Transform( 0.73, 0, 0, 0, -1.49012e-08, 0.73, 0, -0.73, -1.49012e-08, 0, 0.0619999, 4.084 )
texture = SubResource( 11 )

[node name="PowerupRoulette" parent="Playfield_Blockout_Godot_03/Center/CentralHUD3D/Viewport/CentralUi" index="1"]
path_to_moon = NodePath("../../../../MoonShop")

[node name="TransmissionHUD3D" parent="Playfield_Blockout_Godot_03/Center" instance=ExtResource( 6 )]
transform = Transform( 0.8, 0, 0, 0, -3.72529e-08, 1, 0, -0.8, -4.47035e-08, -4.1, 0.5, 8 )

[node name="EnemyFleet" parent="Playfield_Blockout_Godot_03/Center" instance=ExtResource( 8 )]
transform = Transform( 1, 0, 0, 0, 1, 0, 0, 0, 1, 0.326087, 0, 0 )

[node name="PlayerStatsHUD3D" parent="Playfield_Blockout_Godot_03/Center" instance=ExtResource( 7 )]
transform = Transform( 0.8, 0, 0, 0, -1.2666e-07, 0.8, 0, -0.8, -1.2666e-07, 3.88829, 0.5, 8 )

[node name="InvisibleButtonPlunger" parent="Playfield_Blockout_Godot_03/Center" instance=ExtResource( 10 )]
transform = Transform( 1, 0, 0, 0, 1, 0, 0, 0, 1, 4.34949, 5.08479e-06, 6.05119 )

[node name="BossSetup" parent="Playfield_Blockout_Godot_03/Center" instance=ExtResource( 11 )]
transform = Transform( -1, 0, -1.50996e-07, 2.66454e-15, 1, 0, 1.50996e-07, 0, -1, 0.093, -1.14087e-08, -4.73919 )

[node name="Boss" parent="Playfield_Blockout_Godot_03/Center/BossSetup" index="0"]
transform = Transform( 1, -2.13163e-14, -4.26326e-14, -1.77636e-15, 0.866025, -0.5, 0, 0.5, 0.866025, 0.00686078, 0.608112, 0.00515318 )

[node name="StraightShield" parent="Playfield_Blockout_Godot_03/Center/BossSetup" index="4"]
transform = Transform( 1, 7.99361e-15, 9.08041e-43, -7.99361e-15, 1, 0, -9.08041e-43, 0, 1, 0, -5.96046e-08, -1.3 )

[node name="BossMissileGun" parent="Playfield_Blockout_Godot_03/Center/BossSetup" index="5"]
transform = Transform( 1, 8.88178e-15, -7.10543e-14, -4.44089e-15, 1, 0, 0, 0, 1, -7.45058e-08, 0.204196, -0.396811 )

[node name="MultiballShip" parent="Playfield_Blockout_Godot_03/Center" instance=ExtResource( 12 )]
transform = Transform( -0.627507, 0.526541, -0.573577, 0.642788, 0.766045, -1.49012e-08, 0.439386, -0.368688, -0.819153, 2.56042, 0.448842, -6.0174 )

[node name="LoopingLouie" type="MeshInstance" parent="Playfield_Blockout_Godot_03/Center"]
transform = Transform( -1.24258, 0.437885, 1.79215, -0.0944287, 2.14282, -0.589038, -1.84246, -0.40514, -1.17847, 4.07215, 0.203476, 2.16642 )
mesh = ExtResource( 14 )
material/0 = ExtResource( 13 )

[node name="PlayerTurret" parent="Playfield_Blockout_Godot_03/Center" instance=ExtResource( 16 )]
transform = Transform( 1, 0, 0, 0, 1, 0, 0, 0, 1, 0, 0, 6.976 )

[node name="DirectionalLight" type="DirectionalLight" parent="."]
transform = Transform( 1, 0, 0, 0, 0.450597, 0.892727, 0, -0.892727, 0.450597, 0, 0, 0 )
__meta__ = {
"_edit_lock_": true
}

[editable path="Playfield_Blockout_Godot_03/Center/WireRamp1-1"]

[editable path="Playfield_Blockout_Godot_03/Center/WireRamp1-2"]

[editable path="Playfield_Blockout_Godot_03/Center/WireRamp2-1"]

[editable path="Playfield_Blockout_Godot_03/Center/WireRamp2-2"]

[editable path="Playfield_Blockout_Godot_03/Center/WireRamp3-1"]

[editable path="Playfield_Blockout_Godot_03/Center/WireRamp3-2"]

[editable path="Playfield_Blockout_Godot_03/Center/WireRamp4-1"]

[editable path="Playfield_Blockout_Godot_03/Center/WireRamp4-2"]

[editable path="Playfield_Blockout_Godot_03/Center/WireRamp5"]

[editable path="Playfield_Blockout_Godot_03/Center/WireRamp6"]

[editable path="Playfield_Blockout_Godot_03/Center/CentralHUD3D"]

[editable path="Playfield_Blockout_Godot_03/Center/CentralHUD3D/Viewport/CentralUi"]

[editable path="Playfield_Blockout_Godot_03/Center/BossSetup"]
