[gd_scene load_steps=25 format=2]

[ext_resource path="res://Scenes/Import/playfield_blockout_tincon.tscn" type="PackedScene" id=1]
[ext_resource path="res://Scenes/ScoreHUD3D.tscn" type="PackedScene" id=2]
[ext_resource path="res://Scenes/SlingshotTrigger.tscn" type="PackedScene" id=3]
[ext_resource path="res://Scenes/MoonShop.tscn" type="PackedScene" id=4]
[ext_resource path="res://Scenes/CentralHUD3D.tscn" type="PackedScene" id=5]
[ext_resource path="res://Scenes/PlayerStatsHUD3D.tscn" type="PackedScene" id=7]
[ext_resource path="res://Scenes/EnemyFleet.tscn" type="PackedScene" id=8]
[ext_resource path="res://Scenes/InvisibleButtonPlunger.tscn" type="PackedScene" id=10]
[ext_resource path="res://Scenes/BossSetup.tscn" type="PackedScene" id=11]
[ext_resource path="res://Scenes/MultiballShip.tscn" type="PackedScene" id=12]
[ext_resource path="res://Scenes/PlayerShip.tscn" type="PackedScene" id=15]
[ext_resource path="res://Scenes/PlayerTurret.tscn" type="PackedScene" id=16]
[ext_resource path="res://Scenes/FlipperV2_R.tscn" type="PackedScene" id=22]
[ext_resource path="res://Scenes/PinballSpawn.tscn" type="PackedScene" id=23]
[ext_resource path="res://Scenes/WireRamp.tscn" type="PackedScene" id=24]
[ext_resource path="res://Scenes/FlipperV2.tscn" type="PackedScene" id=38]

[sub_resource type="Curve3D" id=1]
_data = {
"points": PoolVector3Array( -1.05836, -1.25506, 4.41766, 1.05836, 1.25506, -4.41766, -0.0349762, 0.179941, -0.0258505, 3.16806, 0.172298, -5.3325, -3.16806, -0.172298, 5.3325, 0.534774, 0.26209, 4.27576 ),
"tilts": PoolRealArray( 0, 0 )
}

[sub_resource type="Curve3D" id=2]
_data = {
"points": PoolVector3Array( -1.2588, -1.37068, 3.82382, 1.2588, 1.37068, -3.82382, -0.0697048, 0.179613, -0.0296001, 3.32208, -0.0724497, -5.00466, -3.32208, 0.0724497, 5.00466, -0.0908198, 0.208146, 3.95161 ),
"tilts": PoolRealArray( 0, 0 )
}

[sub_resource type="Curve3D" id=3]
_data = {
"points": PoolVector3Array( 0.442941, 0.00789973, 2.12964, -0.442941, -0.00789973, -2.12964, 0.0897713, 0.015773, 0.292323, -0.472186, 0.000979841, 0.0111995, 0.472186, -0.000979841, -0.0111995, 1.74103, 0.0625295, -1.7977, 0.449909, -0.013404, -2.13838, -0.449909, 0.013404, 2.13838, 3.59604, 0.0177628, 0.295728 ),
"tilts": PoolRealArray( 0, 0, 0 )
}

[sub_resource type="Curve3D" id=4]
_data = {
"points": PoolVector3Array( 0.853606, -0.257634, 3.50937, -0.853606, 0.257634, -3.50937, 0.128544, 0.252129, 0.25118, -0.953423, 0.0736555, -0.226336, 0.953423, -0.0736555, 0.226336, 0.908513, 1.11468, -4.13315, 0.210307, 0.102963, -1.33458, -0.210307, -0.102963, 1.33458, 0.524893, 0.934398, -0.232069, 0.0993965, -0.00634581, -1.76965, -0.0993965, 0.00634581, 1.76965, -0.923388, 0.892845, 2.64009, -0.0037384, 0.00826037, -0.789652, 0.0037384, -0.00826037, 0.789652, -1.01545, 0.822884, 5.26399, 0, 0, 0, 0, 0, 0, -1.00475, 0.631532, 6.01723 ),
"tilts": PoolRealArray( 0, 0, 0, 0, 0, 0 )
}

[sub_resource type="Curve3D" id=5]
_data = {
"points": PoolVector3Array( 0.853606, -0.257634, 3.50937, -0.853606, 0.257634, -3.50937, 0.644292, 0.240415, 0.117235, -0.953423, 0.0736555, -0.226336, 0.953423, -0.0736555, 0.226336, 0.908513, 1.11468, -4.13315, 0.210307, 0.102963, -1.33458, -0.210307, -0.102963, 1.33458, 0.524893, 0.934398, -0.232069, 0.0993965, -0.00634581, -1.76965, -0.0993965, 0.00634581, 1.76965, -0.923388, 0.892845, 2.64009, -0.0037384, 0.00826037, -0.789652, 0.0037384, -0.00826037, 0.789652, -1.01545, 0.822884, 5.26399, 0, 0, 0, 0, 0, 0, -1.00475, 0.631532, 6.01723 ),
"tilts": PoolRealArray( 0, 0, 0, 0, 0, 0 )
}

[sub_resource type="ViewportTexture" id=6]

[sub_resource type="ViewportTexture" id=8]
viewport_path = NodePath("Viewport")

[sub_resource type="BoxShape" id=7]
extents = Vector3( 0.394255, 1, 0.619594 )

[node name="Playfield" type="Spatial"]
__meta__ = {
"_edit_lock_": true
}

[node name="DirectionalLight" type="DirectionalLight" parent="."]
transform = Transform( 1, 0, 0, 0, 0.450597, 0.892727, 0, -0.892727, 0.450597, 0, 0, 0 )
__meta__ = {
"_edit_lock_": true
}

[node name="Center" type="Spatial" parent="."]
transform = Transform( 1, 0, 0, 0, 0.996195, -0.0871558, 0, 0.0871558, 0.996195, -0.274058, 0, 0.029 )

[node name="FlipperV2" parent="Center" instance=ExtResource( 38 )]
transform = Transform( 0.865056, 0, -0.49944, -9.31323e-08, 0.99888, -5.21541e-08, 0.49944, 1.86265e-07, 0.865058, -1.34, -0.00816957, 6.56464 )

[node name="FlipperV2_R" parent="Center" instance=ExtResource( 22 )]
transform = Transform( 0.866026, 0, 0.5, 0, 1, -1.63913e-07, -0.5, 0, 0.866026, 1.34, -0.00816951, 6.56664 )
collision_mask = 0
IMPULSE_STRENGTH = 75

[node name="PinballSpawn" parent="Center" instance=ExtResource( 23 )]
transform = Transform( 1, 0, 0, 0, 1, 0, 0, 0, 1, 4.49224, 0.298956, 6.46828 )

[node name="PlayerShip" parent="Center" instance=ExtResource( 15 )]
transform = Transform( 1, 0, 0, 0, 1, 0, 0, 0, 1, 0, -0.0381613, 7.60382 )

[node name="WireRamp2-1" parent="Center" instance=ExtResource( 24 )]
transform = Transform( 1, 0, 0, 0, 1, 0, 0, 0, 1, 2.24576, 0.01136, -2.43983 )
curve = SubResource( 1 )
allow_exit_as_entrance = true

[node name="EntranceArea" parent="Center/WireRamp2-1" index="1"]
transform = Transform( -0.964968, -0.0244486, 0.261223, -0.0245102, 0.999695, 0.00302245, -0.261217, -0.00348607, -0.965274, -0.0208956, 0.214393, 0.0112555 )

[node name="ExitArea" parent="Center/WireRamp2-1" index="2"]
transform = Transform( -1.23726, 1.26219e-08, 1.37207, 7.45058e-09, 2.15079, 1.49012e-08, -1.02493, -1.49012e-08, -1.6563, 0.479224, 0.20608, 4.34532 )

[node name="WireRamp2-2" parent="Center" instance=ExtResource( 24 )]
transform = Transform( 1, 0, 0, 0, 1, 0, 0, 0, 1, 2.59783, 0.0194186, -2.34772 )
curve = SubResource( 2 )
allow_exit_as_entrance = true

[node name="PathFollow" parent="Center/WireRamp2-2" index="0"]
transform = Transform( -0.968631, -0.0738031, 0.236821, 0, 0.954727, 0.297433, -0.248065, 0.288182, -0.924726, 0.0445783, 0.174903, -0.245912 )

[node name="EntranceArea" parent="Center/WireRamp2-2" index="1"]
transform = Transform( -0.964968, -0.0244486, 0.261223, -0.0245102, 0.999695, 0.00302245, -0.261217, -0.00348607, -0.965273, -0.0595725, 0.206712, -0.0202746 )

[node name="ExitArea" parent="Center/WireRamp2-2" index="2"]
transform = Transform( -0.527791, 0.0653151, 0.662111, 0.0207404, 0.997433, -0.0653151, -0.469906, -0.0293369, -0.746554, -0.109596, 0.219364, 4.04138 )

[node name="WireRamp" parent="Center" instance=ExtResource( 24 )]
transform = Transform( 1, 0, 0, 0, 1, 0, 0, 0, 1, -1.80018, 0.180766, -5.44533 )
curve = SubResource( 3 )
allow_exit_as_entrance = true

[node name="ExitArea" parent="Center/WireRamp" index="2"]
transform = Transform( -0.998567, 0, 0.0535208, 1.86265e-09, 1, 5.21541e-08, -0.0535208, 0, -0.998567, 3.60234, 0.00908202, 0.234669 )

[node name="WireRamp4-1" parent="Center" instance=ExtResource( 24 )]
transform = Transform( 1, 0, 0, 0, 1, 0, 0, 0, 1, -2.7257, -0.0059032, -3.40716 )
curve = SubResource( 4 )

[node name="EntranceArea" parent="Center/WireRamp4-1" index="1"]
transform = Transform( -0.983618, 0.0157108, -0.179576, 0.0157108, 0.999876, 0.00142235, 0.179576, -0.00142235, -0.983743, 0.159798, 0.262098, 0.379096 )

[node name="ExitArea" parent="Center/WireRamp4-1" index="2"]
transform = Transform( 1, 0, 0, 0, -4.47035e-08, 1, 0, -1, -4.47035e-08, -0.984536, 0.628153, 6.0128 )

[node name="WireRamp4-2" parent="Center" instance=ExtResource( 24 )]
transform = Transform( 1, 0, 0, 0, 1, 0, 0, 0, 1, -2.7257, -0.0059032, -3.40716 )
curve = SubResource( 5 )

[node name="EntranceArea" parent="Center/WireRamp4-2" index="1"]
transform = Transform( -0.983618, 0.0157108, -0.179576, 0.0157108, 0.999876, 0.00142236, 0.179576, -0.00142238, -0.983743, 0.650513, 0.261345, 0.307924 )

[node name="ExitArea" parent="Center/WireRamp4-2" index="2"]
transform = Transform( 1, 0, 0, 0, -4.47035e-08, 1, 0, -1, -4.47035e-08, -0.980912, 0.627005, 6.01149 )

[node name="SlingshotTrigger" parent="Center" instance=ExtResource( 3 )]
transform = Transform( 0.409382, 0, -0.912363, 0, 1, 3.72529e-09, 0.912363, 0, 0.409382, -1.731, -0.0116947, 4.25733 )

[node name="SlingshotTrigger2" parent="Center" instance=ExtResource( 3 )]
transform = Transform( 0.409382, 0, 0.912363, 0, 1, 7.45058e-09, -0.912363, 0, 0.409382, 1.84413, -0.00908644, 4.29008 )

[node name="MoonShop" parent="Center" instance=ExtResource( 4 )]
transform = Transform( -1, -1.26883e-14, -3.89414e-07, -2.13163e-14, 1, 0, 3.89414e-07, 0, -1, -3.34412, 0.0561958, -3.33581 )

[node name="CentralHUD3D" parent="Center" instance=ExtResource( 5 )]
transform = Transform( 0.73, 0, 0, 0, -1.49012e-08, 0.73, 0, -0.73, -1.49012e-08, 0, 0.0619999, 4.084 )
texture = SubResource( 6 )

[node name="ScoreHUD3D" parent="Center" instance=ExtResource( 2 )]
transform = Transform( 0.450741, 0, 0, 0, -7.34852e-08, 0.477747, 0, -0.451049, -7.78348e-08, -4.072, 0.41, 7.274 )
texture = SubResource( 8 )

[node name="EnemyFleet" parent="Center" instance=ExtResource( 8 )]
transform = Transform( 1, 0, 0, 0, 1, 0, 0, 0, 1, 0.326087, 0, 0 )

[node name="PlayerStatsHUD3D" parent="Center" instance=ExtResource( 7 )]
transform = Transform( 0.559, 0, 0, 0, -2.56149e-08, 0.586, 0, -0.586, -2.56149e-08, 4.072, 0.41, 7.274 )

[node name="InvisibleButtonPlunger" parent="Center" instance=ExtResource( 10 )]
transform = Transform( 1, 0, 0, 0, 1, 0, 0, 0, 1, 4.49826, 1.49792e-05, 6.49881 )

[node name="BossSetup" parent="Center" instance=ExtResource( 11 )]
transform = Transform( -1, 0, -1.50996e-07, 4.44089e-15, 1, 0, 1.50996e-07, 0, -1, 0, -0.001, -5.732 )

[node name="Boss" parent="Center/BossSetup" index="0"]
transform = Transform( 1, 1.77636e-15, -1.42109e-14, -8.88178e-16, 1, 0, 0, 0, 1, 0, 0.7, 4.76837e-07 )

[node name="BossBombGun" parent="Center/BossSetup/Boss" index="1"]
transform = Transform( 1, -8.17124e-14, -2.27374e-13, -1.24345e-14, 0.898795, -0.438371, 0, 0.438371, 0.898795, -1.15, -0.302607, -2.69303 )

[node name="BossBombGun2" parent="Center/BossSetup/Boss" index="2"]
transform = Transform( 1, -8.17124e-14, -2.27374e-13, -1.24345e-14, 0.898795, -0.438371, 0, 0.438371, 0.898795, 1.15, -0.302607, -2.69303 )

[node name="BossExplosionFX" parent="Center/BossSetup" index="1"]
transform = Transform( 1, 1.77636e-15, -1.42109e-14, -8.88178e-16, 1, 0, 0, 0, 1, 0, 0, 0 )

[node name="BumperCluster" parent="Center/BossSetup" index="2"]
transform = Transform( 1.3, 3.55271e-15, -2.84217e-14, 1.77636e-15, 1.3, 0, 2.84217e-14, 0, 1.3, -0.0258544, 0, 0 )

[node name="Bumper" parent="Center/BossSetup/BumperCluster" index="0"]
transform = Transform( 1.3, -7.45058e-09, 5.96046e-08, 1.49012e-08, 1.3, 0, -2.98022e-08, 2.23517e-08, 1.3, 0.574692, 1.13249e-06, 0.0560756 )

[node name="Bumper2" parent="Center/BossSetup/BumperCluster" index="1"]
transform = Transform( 1.3, -1.11759e-08, 5.96046e-08, 2.23517e-08, 1.3, 7.45058e-09, -2.98023e-08, -2.98023e-08, 1.3, -0.533181, 9.50694e-06, 0.506732 )

[node name="Bumper3" parent="Center/BossSetup/BumperCluster" index="2"]
transform = Transform( 1.3, -1.11759e-08, 5.96046e-08, 2.23517e-08, 1.3, 7.45058e-09, -2.98023e-08, -2.98023e-08, 1.3, -0.354088, 1.19209e-05, -0.672085 )

[node name="BossBar3D" parent="Center/BossSetup" index="3"]
transform = Transform( -1, -8.74228e-08, -8.88178e-16, 0, -4.47035e-08, 1, -8.74228e-08, 1, 4.47035e-08, 1.49012e-07, 0.1, -3.64919 )

[node name="BossShieldConnector" parent="Center/BossSetup" index="6"]
boss_path = NodePath("../../../../Playfield/Center/BossSetup/Boss")
shield_path = NodePath("../../../../Playfield/Center/BossSetup/StraightShield")

[node name="MultiballShip" parent="Center" instance=ExtResource( 12 )]
transform = Transform( -0.627507, 0.526541, -0.573577, 0.642788, 0.766045, -7.45058e-09, 0.439386, -0.368688, -0.819153, 3.24577, 0.508574, -5.33466 )

[node name="EntranceArea" parent="Center/MultiballShip" index="0"]
transform = Transform( 0.737751, 0.5, -0.453566, -0.425941, 0.866026, 0.261867, 0.523733, -3.47383e-07, 0.851882, 1.36015, -0.785288, -2.53514 )

[node name="CollisionShape" parent="Center/MultiballShip/EntranceArea" index="0"]
transform = Transform( 0.965928, -6.51926e-09, -0.258819, -2.73343e-07, 1, 9.31323e-10, 0.258819, 0, 0.965926, -0.077647, -0.399999, 0.289776 )

[node name="Muzzle" parent="Center/MultiballShip" index="1"]
transform = Transform( -0.0174825, 0.558283, -0.829465, -1.04308e-07, 0.829593, 0.558367, 0.999845, 0.00976175, -0.0145034, 0.300971, 0.410247, 0.317 )

[node name="PlayerTurret" parent="Center" instance=ExtResource( 16 )]
transform = Transform( 1, 0, 0, 0, 1, 0, 0, 0, 1, 0, -1.00816e-07, 6.976 )

[node name="BallBlocker" type="StaticBody" parent="Center"]
transform = Transform( 1, 0, 0, 0, 1, 0, 0, 0, 1, 4.47368, -8.16071e-07, 7.54525 )

[node name="CollisionShape" type="CollisionShape" parent="Center/BallBlocker"]
transform = Transform( 1, 0, 0, 0, 1, 0, 0, 0, 1, 0, -5.96046e-08, -0.215106 )
shape = SubResource( 7 )

[node name="playfield_blockout_tincon" parent="." instance=ExtResource( 1 )]
transform = Transform( 1, 0, 0, 0, 0.996195, -0.0871557, 0, 0.0871557, 0.996195, 0, 0, 0 )

[editable path="Center/WireRamp2-1"]

[editable path="Center/WireRamp2-2"]

[editable path="Center/WireRamp"]

[editable path="Center/WireRamp4-1"]

[editable path="Center/WireRamp4-2"]

[editable path="Center/BossSetup"]

[editable path="Center/BossSetup/Boss"]

[editable path="Center/BossSetup/BumperCluster"]

[editable path="Center/MultiballShip"]
