[gd_scene load_steps=25 format=2]

[ext_resource path="res://Scenes/Import/playfield_blockout_tincon.tscn" type="PackedScene" id=1]
[ext_resource path="res://Scenes/SlingshotTrigger.tscn" type="PackedScene" id=3]
[ext_resource path="res://Scenes/MoonShop.tscn" type="PackedScene" id=4]
[ext_resource path="res://Scenes/CentralHUD3D.tscn" type="PackedScene" id=5]
[ext_resource path="res://Scenes/TransmissionHUD3D.tscn" type="PackedScene" id=6]
[ext_resource path="res://Scenes/PlayerStatsHUD3D.tscn" type="PackedScene" id=7]
[ext_resource path="res://Scenes/EnemyFleet.tscn" type="PackedScene" id=8]
[ext_resource path="res://Scenes/InvisibleButtonPlunger.tscn" type="PackedScene" id=10]
[ext_resource path="res://Scenes/BossSetup.tscn" type="PackedScene" id=11]
[ext_resource path="res://Scenes/MultiballShip.tscn" type="PackedScene" id=12]
[ext_resource path="res://Scenes/PlayerShip.tscn" type="PackedScene" id=15]
[ext_resource path="res://Scenes/PlayerTurret.tscn" type="PackedScene" id=16]
[ext_resource path="res://Scenes/FlipperV2_R.tscn" type="PackedScene" id=22]
[ext_resource path="res://Scenes/PinballSpawn.tscn" type="PackedScene" id=23]
[ext_resource path="res://Scenes/WireRamp.tscn" type="PackedScene" id=24]
[ext_resource path="res://Scenes/FlipperV2.tscn" type="PackedScene" id=38]

[sub_resource type="Curve3D" id=1]
_data = {
"points": PoolVector3Array( -0.911339, -1.21516, 3.76534, 0.911339, 1.21516, -3.76534, -0.0349762, 0.179941, -0.0258505, 3.261, 0.0885488, -5.22685, -3.261, -0.0885488, 5.22685, 0.622474, 0.266138, 4.18304 ),
"tilts": PoolRealArray( 0, 0 )
}

[sub_resource type="Curve3D" id=2]
_data = {
"points": PoolVector3Array( -0.911339, -1.21516, 3.76534, 0.911339, 1.21516, -3.76534, -0.0697048, 0.179613, -0.0296001, 3.261, 0.0885488, -5.22685, -3.261, -0.0885488, 5.22685, 0.260965, 0.252, 4.09462 ),
"tilts": PoolRealArray( 0, 0 )
}

[sub_resource type="Curve3D" id=3]
_data = {
"points": PoolVector3Array( -0.911339, -1.21516, 3.76534, 0.911339, 1.21516, -3.76534, -0.0349762, 0.179941, -0.0258505, 3.261, 0.0885488, -5.22685, -3.261, -0.0885488, 5.22685, 0.622474, 0.266138, 4.18304 ),
"tilts": PoolRealArray( 0, 0 )
}

[sub_resource type="Curve3D" id=4]
_data = {
"points": PoolVector3Array( -0.73895, 0.000147194, 1.87507, 0.73895, -0.000147194, -1.87507, 0.0813453, 0.242589, 0.199335, 0.00203514, -0.547561, 0.509503, -0.00203514, 0.547561, -0.509503, 0.43257, 0.736455, -2.26394 ),
"tilts": PoolRealArray( 0, 0 )
}

[sub_resource type="Curve3D" id=5]
_data = {
"points": PoolVector3Array( 0.853606, -0.257634, 3.50937, -0.853606, 0.257634, -3.50937, 0.128544, 0.252129, 0.25118, -0.953423, 0.0736555, -0.226336, 0.953423, -0.0736555, 0.226336, 0.908513, 1.11468, -4.13315, 0.210307, 0.102963, -1.33458, -0.210307, -0.102963, 1.33458, 0.524893, 0.934398, -0.232069, 0.0993965, -0.00634581, -1.76965, -0.0993965, 0.00634581, 1.76965, -0.923388, 0.892845, 2.64009, -0.0037384, 0.00826037, -0.789652, 0.0037384, -0.00826037, 0.789652, -1.01545, 0.822884, 5.26399, 0, 0, 0, 0, 0, 0, -1.00475, 0.631532, 6.01723 ),
"tilts": PoolRealArray( 0, 0, 0, 0, 0, 0 )
}

[sub_resource type="Curve3D" id=6]
_data = {
"points": PoolVector3Array( 0.853606, -0.257634, 3.50937, -0.853606, 0.257634, -3.50937, 0.644292, 0.240415, 0.117235, -0.953423, 0.0736555, -0.226336, 0.953423, -0.0736555, 0.226336, 0.908513, 1.11468, -4.13315, 0.210307, 0.102963, -1.33458, -0.210307, -0.102963, 1.33458, 0.524893, 0.934398, -0.232069, 0.0993965, -0.00634581, -1.76965, -0.0993965, 0.00634581, 1.76965, -0.923388, 0.892845, 2.64009, -0.0037384, 0.00826037, -0.789652, 0.0037384, -0.00826037, 0.789652, -1.01545, 0.822884, 5.26399, 0, 0, 0, 0, 0, 0, -1.00475, 0.631532, 6.01723 ),
"tilts": PoolRealArray( 0, 0, 0, 0, 0, 0 )
}

[sub_resource type="Curve3D" id=7]
_data = {
"points": PoolVector3Array( 0.853606, -0.257634, 3.50937, -0.853606, 0.257634, -3.50937, 0.128544, 0.252129, 0.25118, -0.953423, 0.0736555, -0.226336, 0.953423, -0.0736555, 0.226336, 0.908513, 1.11468, -4.13315, 0.210307, 0.102963, -1.33458, -0.210307, -0.102963, 1.33458, 0.524893, 0.934398, -0.232069, 0.0993965, -0.00634581, -1.76965, -0.0993965, 0.00634581, 1.76965, -0.923388, 0.892845, 2.64009, -0.0037384, 0.00826037, -0.789652, 0.0037384, -0.00826037, 0.789652, -1.01545, 0.822884, 5.26399, 0, 0, 0, 0, 0, 0, -1.00475, 0.631532, 6.01723 ),
"tilts": PoolRealArray( 0, 0, 0, 0, 0, 0 )
}

[sub_resource type="ViewportTexture" id=8]

[node name="Playfield" type="Spatial"]
__meta__ = {
"_edit_lock_": true
}

[node name="DirectionalLight" type="DirectionalLight" parent="."]
transform = Transform( 1, 0, 0, 0, 0.450597, 0.892727, 0, -0.892727, 0.450597, 0, 0, 0 )
__meta__ = {
"_edit_lock_": true
}

[node name="Center" type="Spatial" parent="."]
transform = Transform( 1, 0, 0, 0, 0.996195, -0.0871558, 0, 0.0871558, 0.996195, -0.274058, 0, 0.029 )

[node name="FlipperV2" parent="Center" instance=ExtResource( 38 )]
transform = Transform( 0.865056, 0, -0.49944, -8.56817e-08, 0.99888, -5.21541e-08, 0.49944, 1.71363e-07, 0.865058, -1.34, -0.014, 6.498 )

[node name="FlipperV2_R" parent="Center" instance=ExtResource( 22 )]
transform = Transform( 0.866026, 0, 0.5, 0, 1, -1.49012e-07, -0.5, 0, 0.866026, 1.34, -0.014, 6.5 )
collision_mask = 0
IMPULSE_STRENGTH = 75

[node name="PinballSpawn" parent="Center" instance=ExtResource( 23 )]
transform = Transform( 1, 0, 0, 0, 1, 0, 0, 0, 1, 4.61973, 0.298956, 6.88064 )

[node name="PlayerShip" parent="Center" instance=ExtResource( 15 )]
transform = Transform( 1, 0, 0, 0, 1, 0, 0, 0, 1, 0, -0.0381613, 7.60382 )

[node name="WireRamp2-1" parent="Center" instance=ExtResource( 24 )]
transform = Transform( 1, 0, 0, 0, 1, 0, 0, 0, 1, 2.24576, 0.0113599, -2.43983 )
curve = SubResource( 1 )
allow_exit_as_entrance = true

[node name="EntranceArea" parent="Center/WireRamp2-1" index="1"]
transform = Transform( -0.964968, -0.0244486, 0.261223, -0.0245102, 0.999695, 0.00302245, -0.261217, -0.00348607, -0.965274, -0.0208956, 0.214393, 0.0112555 )

[node name="ExitArea" parent="Center/WireRamp2-1" index="2"]
transform = Transform( -0.77009, 9.4504e-09, 0.637935, 1.07558e-08, 1, -1.83012e-09, -0.637935, 5.45213e-09, -0.77009, 0.445767, 0.205924, 4.31282 )

[node name="WireRamp2-2" parent="Center" instance=ExtResource( 24 )]
transform = Transform( 1, 0, 0, 0, 1, 0, 0, 0, 1, 2.59783, 0.0194186, -2.34772 )
curve = SubResource( 2 )
allow_exit_as_entrance = true

[node name="PathFollow" parent="Center/WireRamp2-2" index="0"]
transform = Transform( -0.968631, -0.0738031, 0.236821, 0, 0.954727, 0.297433, -0.248065, 0.288182, -0.924726, 0.0445783, 0.174903, -0.245912 )

[node name="EntranceArea" parent="Center/WireRamp2-2" index="1"]
transform = Transform( -0.964968, -0.0244486, 0.261223, -0.0245102, 0.999695, 0.00302245, -0.261217, -0.00348607, -0.965273, -0.0595725, 0.206712, -0.0202746 )

[node name="ExitArea" parent="Center/WireRamp2-2" index="2"]
transform = Transform( -0.746554, 0.0653151, 0.662111, 0.029337, 0.997433, -0.0653151, -0.664677, -0.0293369, -0.746554, 0.100669, 0.211101, 4.22858 )

[node name="WireRamp3-1" parent="Center" instance=ExtResource( 24 )]
transform = Transform( 1, 0, 0, 0, 1, 0, 0, 0, 1, 3.01078, 6.06827e-06, -2.46342 )
curve = SubResource( 3 )

[node name="EntranceArea" parent="Center/WireRamp3-1" index="1"]
transform = Transform( -0.931931, 0, 0.362633, 0, 1, 0, -0.362633, 0, -0.931931, -0.01157, 0.222337, 0.244385 )

[node name="ExitArea" parent="Center/WireRamp3-1" index="2"]
transform = Transform( 1, 0, 0, 0, 1, 0, 0, 0, 1, 0.819147, 0.747708, -2.28498 )

[node name="WireRamp3-2" parent="Center" instance=ExtResource( 24 )]
transform = Transform( 1, 0, 0, 0, 1, 0, 0, 0, 1, 3.46625, 6.03846e-06, -2.46342 )
curve = SubResource( 4 )

[node name="EntranceArea" parent="Center/WireRamp3-2" index="1"]
transform = Transform( -0.931931, 0, 0.362633, 0, 1, 0, -0.362633, 0, -0.931931, -0.01157, 0.214543, 0.244385 )

[node name="ExitArea" parent="Center/WireRamp3-2" index="2"]
transform = Transform( 1, 0, 0, 0, 1, 0, 0, 0, 1, 0.367471, 0.747708, -2.28498 )

[node name="WireRamp4-1" parent="Center" instance=ExtResource( 24 )]
transform = Transform( 1, 0, 0, 0, 1, 0, 0, 0, 1, -2.7257, -0.0059032, -3.40716 )
curve = SubResource( 5 )

[node name="EntranceArea" parent="Center/WireRamp4-1" index="1"]
transform = Transform( -0.983618, 0.0157108, -0.179576, 0.0157108, 0.999876, 0.00142235, 0.179576, -0.00142235, -0.983743, 0.159798, 0.262098, 0.379096 )

[node name="ExitArea" parent="Center/WireRamp4-1" index="2"]
transform = Transform( 1, 0, 0, 0, -4.47035e-08, 1, 0, -1, -4.47035e-08, -0.984536, 0.628153, 6.0128 )

[node name="WireRamp4-2" parent="Center" instance=ExtResource( 24 )]
transform = Transform( 1, 0, 0, 0, 1, 0, 0, 0, 1, -2.7257, -0.0059032, -3.40716 )
curve = SubResource( 6 )

[node name="EntranceArea" parent="Center/WireRamp4-2" index="1"]
transform = Transform( -0.983618, 0.0157108, -0.179576, 0.0157108, 0.999876, 0.00142236, 0.179576, -0.00142238, -0.983743, 0.650513, 0.261345, 0.307924 )

[node name="ExitArea" parent="Center/WireRamp4-2" index="2"]
transform = Transform( 1, 0, 0, 0, -4.47035e-08, 1, 0, -1, -4.47035e-08, -0.980912, 0.627005, 6.01149 )

[node name="WireRamp5" parent="Center" instance=ExtResource( 24 )]
transform = Transform( 1, 0, 0, 0, 1, 0, 0, 0, 1, -0.781006, 1.09128e-06, -7.07809 )
curve = SubResource( 7 )
allow_exit_as_entrance = true

[node name="EntranceArea" parent="Center/WireRamp5" index="1"]
transform = Transform( -0.99982, 0, -0.0189356, 1.16415e-10, 1, 0, 0.0189356, 0, -0.99982, -0.842028, 0.211229, 1.41585 )

[node name="ExitArea" parent="Center/WireRamp5" index="2"]
transform = Transform( -0.992489, 0.0868315, -0.0861823, 0.0943068, 0.991749, -0.0868315, 0.0779316, -0.0943068, -0.992488, 2.56283, 0.0967633, 1.10601 )

[node name="SlingshotTrigger" parent="Center" instance=ExtResource( 3 )]
transform = Transform( 0.409382, 0, -0.912363, 0, 1, 3.72529e-09, 0.912363, 0, 0.409382, -1.731, -0.0116947, 4.25733 )

[node name="SlingshotTrigger2" parent="Center" instance=ExtResource( 3 )]
transform = Transform( 0.409382, 0, 0.912363, 0, 1, 7.45058e-09, -0.912363, 0, 0.409382, 1.84413, -0.00908644, 4.29008 )

[node name="MoonShop" parent="Center" instance=ExtResource( 4 )]
transform = Transform( -1, -1.26883e-14, -3.89414e-07, -2.13163e-14, 1, 0, 3.89414e-07, 0, -1, -3.34412, 0.0561958, -3.33581 )

[node name="CentralHUD3D" parent="Center" instance=ExtResource( 5 )]
transform = Transform( 0.73, 0, 0, 0, -1.49012e-08, 0.73, 0, -0.73, -1.49012e-08, 0, 0.0619999, 4.084 )
texture = SubResource( 8 )

[node name="TransmissionHUD3D" parent="Center" instance=ExtResource( 6 )]
transform = Transform( 0.559, 0, 0, 0, -2.44347e-08, 0.559, 0, -0.559, -2.44347e-08, -4.072, 0.41, 7.274 )

[node name="EnemyFleet" parent="Center" instance=ExtResource( 8 )]
transform = Transform( 1, 0, 0, 0, 1, 0, 0, 0, 1, 0.326087, 0, 0 )

[node name="PlayerStatsHUD3D" parent="Center" instance=ExtResource( 7 )]
transform = Transform( 0.559, 0, 0, 0, -2.56149e-08, 0.586, 0, -0.586, -2.56149e-08, 4.072, 0.41, 7.274 )

[node name="InvisibleButtonPlunger" parent="Center" instance=ExtResource( 10 )]
transform = Transform( 1, 0, 0, 0, 1, 0, 0, 0, 1, 4.58244, 1.49792e-05, 7.65884 )

[node name="BossSetup" parent="Center" instance=ExtResource( 11 )]
transform = Transform( -1, 0, -1.50996e-07, 4.44089e-15, 1, 0, 1.50996e-07, 0, -1, 0, -0.001, -5.732 )

[node name="Boss" parent="Center/BossSetup" index="0"]
transform = Transform( 1, 1.77636e-15, -1.42109e-14, -8.88178e-16, 1, 0, 0, 0, 1, 0, 0.7, 4.76837e-07 )

[node name="BossBombGun" parent="Center/BossSetup/Boss" index="1"]
transform = Transform( 1, -8.17124e-14, -2.27374e-13, -1.24345e-14, 0.898795, -0.438371, 0, 0.438371, 0.898795, -1.15, -0.302607, -2.69303 )

[node name="BossBombGun2" parent="Center/BossSetup/Boss" index="2"]
transform = Transform( 1, -8.17124e-14, -2.27374e-13, -1.24345e-14, 0.898795, -0.438371, 0, 0.438371, 0.898795, 1.15, -0.302607, -2.69303 )

[node name="BossExplosionFX" parent="Center/BossSetup" index="1"]
transform = Transform( 1, 1.77636e-15, -1.42109e-14, -8.88178e-16, 1, 0, 0, 0, 1, 0, 0, 0 )

[node name="BumperCluster" parent="Center/BossSetup" index="2"]
transform = Transform( 1.3, 3.55271e-15, -2.84217e-14, 1.77636e-15, 1.3, 0, 2.84217e-14, 0, 1.3, -0.0258544, 0, 0 )

[node name="Bumper" parent="Center/BossSetup/BumperCluster" index="0"]
transform = Transform( 1.3, -7.45058e-09, 5.96046e-08, 1.49012e-08, 1.3, 0, -2.98022e-08, 2.23517e-08, 1.3, 0.574692, 1.13249e-06, 0.0560756 )

[node name="Bumper2" parent="Center/BossSetup/BumperCluster" index="1"]
transform = Transform( 1.3, -1.11759e-08, 5.96046e-08, 2.23517e-08, 1.3, 7.45058e-09, -2.98023e-08, -2.98023e-08, 1.3, -0.533181, 9.50694e-06, 0.506732 )

[node name="Bumper3" parent="Center/BossSetup/BumperCluster" index="2"]
transform = Transform( 1.3, -1.11759e-08, 5.96046e-08, 2.23517e-08, 1.3, 7.45058e-09, -2.98023e-08, -2.98023e-08, 1.3, -0.354088, 1.19209e-05, -0.672085 )

[node name="BossBar3D" parent="Center/BossSetup" index="3"]
transform = Transform( -1, -8.74228e-08, -8.88178e-16, 0, -4.47035e-08, 1, -8.74228e-08, 1, 4.47035e-08, 1.49012e-07, 0.1, -3.64919 )

[node name="BossShieldConnector" parent="Center/BossSetup" index="6"]
boss_path = NodePath("../../../../Playfield/Center/BossSetup/Boss")
shield_path = NodePath("../../../../Playfield/Center/BossSetup/StraightShield")

[node name="MultiballShip" parent="Center" instance=ExtResource( 12 )]
transform = Transform( -0.627507, 0.526541, -0.573577, 0.642788, 0.766045, -7.45058e-09, 0.439386, -0.368688, -0.819153, 3.24577, 0.508574, -5.33466 )

[node name="EntranceArea" parent="Center/MultiballShip" index="0"]
transform = Transform( 0.737751, 0.5, -0.453566, -0.425941, 0.866026, 0.261867, 0.523733, -2.47732e-07, 0.851882, -0.238495, 0.137694, -0.296334 )

[node name="Muzzle" parent="Center/MultiballShip" index="1"]
transform = Transform( -0.0174825, 0.558283, -0.829465, -1.04308e-07, 0.829593, 0.558367, 0.999845, 0.00976175, -0.0145034, 0.300971, 0.410247, 0.317 )

[node name="PlayerTurret" parent="Center" instance=ExtResource( 16 )]
transform = Transform( 1, 0, 0, 0, 1, 0, 0, 0, 1, 0, -1.00816e-07, 6.976 )

[node name="playfield_blockout_tincon" parent="." instance=ExtResource( 1 )]
transform = Transform( 1, 0, 0, 0, 0.996195, -0.0871557, 0, 0.0871557, 0.996195, 0, 0, 0 )

[editable path="Center/WireRamp2-1"]

[editable path="Center/WireRamp2-2"]

[editable path="Center/WireRamp3-1"]

[editable path="Center/WireRamp3-2"]

[editable path="Center/WireRamp4-1"]

[editable path="Center/WireRamp4-2"]

[editable path="Center/WireRamp5"]

[editable path="Center/BossSetup"]

[editable path="Center/BossSetup/Boss"]

[editable path="Center/BossSetup/BumperCluster"]

[editable path="Center/MultiballShip"]
