[gd_scene load_steps=6 format=2]

[ext_resource path="res://Materials/mat_for_3d_prints.tres" type="Material" id=1]
[ext_resource path="res://Meshes/playfield_box_kickstart.obj" type="ArrayMesh" id=2]

[sub_resource type="BoxShape" id=1]
extents = Vector3( 6.5, 1, 10 )

[sub_resource type="BoxShape" id=2]
extents = Vector3( 6.5, 5.52262, 1 )

[sub_resource type="BoxShape" id=3]
extents = Vector3( 1, 4.93401, 10 )

[node name="PlayfieldBoxKickstart" type="StaticBody"]
collision_mask = 0

[node name="MeshInstance" type="MeshInstance" parent="."]
transform = Transform( 22.535, 0, 0, 0, 22.535, 0, 0, 0, 22.535, 0, 0, 0 )
mesh = ExtResource( 2 )
material/0 = ExtResource( 1 )

[node name="CollisionShape" type="CollisionShape" parent="."]
transform = Transform( 1, 0, 0, 0, 0.990892, -0.134661, 0, 0.134661, 0.990892, 0, 3.27003, 0.348 )
shape = SubResource( 1 )

[node name="CollisionShape2" type="CollisionShape" parent="."]
transform = Transform( 1, 0, 0, 0, 0.996195, -0.0871557, 0, 0.0871557, 0.996195, 0, -1, 0 )
shape = SubResource( 1 )

[node name="CollisionShape3" type="CollisionShape" parent="."]
transform = Transform( 1, 0, 0, 0, 0.999999, 0, 0, 0, 0.999999, 0, 0.690995, 8.97849 )
shape = SubResource( 2 )

[node name="CollisionShape5" type="CollisionShape" parent="."]
transform = Transform( 1, 0, 0, 0, 0.996195, -0.0871557, 0, 0.0871557, 0.996195, -5.44455, 1.07707, 0.0616746 )
shape = SubResource( 3 )

[node name="CollisionShape4" type="CollisionShape" parent="."]
transform = Transform( 1, 0, 0, 0, 0.999999, 0, 0, 0, 0.999999, 0, 1.70126, -8.95222 )
shape = SubResource( 2 )

[node name="CollisionShape6" type="CollisionShape" parent="."]
transform = Transform( 1, 0, 0, 0, 0.996195, -0.0871557, 0, 0.0871557, 0.996195, 5.44455, 1.07707, 0.0616746 )
shape = SubResource( 3 )
