[gd_scene load_steps=3 format=2]

[ext_resource path="res://Scenes/Flipper.tscn" type="PackedScene" id=1]
[ext_resource path="res://SerialPortScenes/SerialPortFlipper.gd" type="Script" id=2]

[node name="Serial_Flipper_R" instance=ExtResource( 1 )]
transform = Transform( 0.819152, 0, 0.573577, 0, 1, 0, -0.573577, 0, 0.819152, 0, 0, 0 )
script = ExtResource( 2 )
IS_RIGHT_FLIPPER = true
MAX_TURN_ANGLE = 60
TURN_SPEED = 500

[node name="MeshInstance" parent="." index="0"]
transform = Transform( -1, 0, -1.05697e-07, 0, 1, 0, 1.50996e-07, 0, -0.7, 0, 0, 0 )

[node name="CollisionShape" parent="." index="1"]
transform = Transform( 0.998001, 0, -0.0632086, 0, 1, 0, 0.0632086, 0, 0.998001, -0.54, 0.15, 0.0802937 )

[node name="CollisionShape4" parent="." index="2"]
transform = Transform( 0.997855, 0, 0.0654728, 0, 1, 0, -0.0654728, 0, 0.997855, -0.54, 0.15, -0.0782097 )

[node name="CollisionShape3" parent="." index="4"]
transform = Transform( 1, 0, 0, 0, 1, 0, 0, 0, 1, -1.09545, 0.15, 0 )

[node name="CollisionShape" parent="Area" index="0"]
transform = Transform( 0.992136, 0, 0.12516, 0, 1, 0, -0.12516, 0, 0.992136, -0.551063, 0, 0.143353 )
